
 LIST ALL SELECTED ELEMENTS.  (LIST NODES)
 
    ELEM MAT TYP REL ESY SEC        NODES
 
       1   1   1   1   0   1      1   599   512   487   304   611   511   488
                                636  2057  2026   635  1634  2055  2028  1633
                                634  2214  2054  2025
       2   1   1   1   0   1      1   487   512   599     2   468   513   600
                                635  2026  2057   636   640  1987  2059   641
                                631  1986  2056  2212
       3   1   1   1   0   1      2   468   513   600     3   449   514   601
                                640  1987  2059   641   645  1948  2060   646
                                637  1947  2058  2215
       4   1   1   1   0   1      3   449   514   601   305   429   430   385
                                645  1948  2060   646  1638  1907  1820  1637
                                644  1908  1909  1821
       5   1   1   1   0   1      1    58   602   599   304   285   612   611
                                633   885  2213   636  1594  1595  2233  1634
                                634   884  2220  2214
       6   1   1   1   0   1      1   599   602    58     2   600   603    59
                                636  2213   885   633   641  2216   889   639
                                631  2212  2218   881
       7   1   1   1   0   1      2   600   603    59     3   601   604    60
                                641  2216   889   639   646  2217   893   643
                                637  2215  2221   886
 
    ELEM MAT TYP REL ESY SEC        NODES
 
       8   1   1   1   0   1      3   601   604    60   305   385   386   324
                                646  2217   893   643  1637  1819  1695  1636
                                644  1821  1823   892
       9   1   1   1   0   1     58   115   605   602   285   266   613   612
                                883  1078  2219   885  1555  1556  2234  1595
                                884  1077  2226  2220
      10   1   1   1   0   1     58   602   605   115    59   603   606   116
                                885  2219  1078   883   889  2222  1082   888
                                881  2218  2224  1074
      11   1   1   1   0   1     59   603   606   116    60   604   607   117
                                889  2222  1082   888   893  2223  1086   891
                                886  2221  2227  1079
      12   1   1   1   0   1     60   604   607   117   324   386   387   343
                                893  2223  1086   891  1695  1822  1734  1694
                                892  1823  1825  1085
      13   1   1   1   0   1    115   172   608   605   266   247   614   613
                               1076  1271  2225  1078  1515  1517  2235  1556
                               1077  1269  2231  2226
      14   1   1   1   0   1    115   605   608   172   116   606   609   173
                               1078  2225  1271  1076  1082  2228  1275  1081
                               1074  2224  2230  1267
 
    ELEM MAT TYP REL ESY SEC        NODES
 
      15   1   1   1   0   1    116   606   609   173   117   607   610   174
                               1082  2228  1275  1081  1086  2229  1279  1084
                               1079  2227  2232  1272
      16   1   1   1   0   1    117   607   610   174   343   387   388   362
                               1086  2229  1279  1084  1734  1824  1772  1733
                               1085  1825  1827  1277
      17   1   1   1   0   1    172   515   597   608   247   572   598   614
                               1270  2064  2210  1271  1516  2179  2211  1517
                               1269  2063  2209  2231
      18   1   1   1   0   1    172   608   597   515   173   609   596   516
                               1271  2210  2064  1270  1275  2208  2067  1274
                               1267  2230  2207  2061
      19   1   1   1   0   1    173   609   596   516   174   610   595   517
                               1275  2208  2067  1274  1279  2206  2069  1278
                               1272  2232  2205  2065
      20   1   1   1   0   1    174   610   595   517   362   388   409   408
                               1279  2206  2069  1278  1772  1826  1866  1773
                               1277  1827  1868  1867
      21   1   1   1   0   1      1   487   486     4   304   488   489   303
                                635  2023   651   632  1633  2027  1632  1631
                                634  2025  2024   650
 
    ELEM MAT TYP REL ESY SEC        NODES
 
      22   1   1   1   0   1      1     4   486   487     2     5   467   468
                                632   651  2023   635   638   655  1984   640
                                631   647  1985  1986
      23   1   1   1   0   1      2     5   467   468     3     6   448   449
                                638   655  1984   640   642   659  1945   645
                                637   652  1946  1947
      24   1   1   1   0   1      3     6   448   449   305   306   428   429
                                642   659  1945   645  1635  1641  1905  1638
                                644   658  1906  1908
      25   1   1   1   0   1      1     4    61    58   304   303   284   285
                                632   649   882   633  1631  1593  1592  1594
                                634   650   897   884
      26   1   1   1   0   1      1    58    61     4     2    59    62     5
                                633   882   649   632   639   887   654   638
                                631   881   894   647
      27   1   1   1   0   1      2    59    62     5     3    60    63     6
                                639   887   654   638   643   890   657   642
                                637   886   898   652
      28   1   1   1   0   1      3    60    63     6   305   324   325   306
                                643   890   657   642  1636  1693  1640  1635
                                644   892   903   658
 
    ELEM MAT TYP REL ESY SEC        NODES
 
      29   1   1   1   0   1     58    61   118   115   285   284   265   266
                                882   896  1075   883  1592  1554  1553  1555
                                884   897  1090  1077
      30   1   1   1   0   1     58   115   118    61    59   116   119    62
                                883  1075   896   882   888  1080   900   887
                                881  1074  1087   894
      31   1   1   1   0   1     59   116   119    62    60   117   120    63
                                888  1080   900   887   891  1083   902   890
                                886  1079  1091   898
      32   1   1   1   0   1     60   117   120    63   324   343   344   325
                                891  1083   902   890  1694  1732  1697  1693
                                892  1085  1096   903
      33   1   1   1   0   1    115   118   175   172   266   265   246   247
                               1075  1089  1268  1076  1553  1513  1512  1515
                               1077  1090  1282  1269
      34   1   1   1   0   1    115   172   175   118   116   173   176   119
                               1076  1268  1089  1075  1081  1273  1093  1080
                               1074  1267  1280  1087
      35   1   1   1   0   1    116   173   176   119   117   174   177   120
                               1081  1273  1093  1080  1084  1276  1095  1083
                               1079  1272  1284  1091
 
    ELEM MAT TYP REL ESY SEC        NODES
 
      36   1   1   1   0   1    117   174   177   120   343   362   363   344
                               1084  1276  1095  1083  1733  1771  1736  1732
                               1085  1277  1288  1096
      37   1   1   1   0   1    172   175   518   515   247   246   573   572
                               1268  1283  2062  1270  1512  1514  2178  1516
                               1269  1282  2072  2063
      38   1   1   1   0   1    172   515   518   175   173   516   519   176
                               1270  2062  1283  1268  1274  2066  1286  1273
                               1267  2061  2070  1280
      39   1   1   1   0   1    173   516   519   176   174   517   520   177
                               1274  2066  1286  1273  1278  2068  1289  1276
                               1272  2065  2073  1284
      40   1   1   1   0   1    174   517   520   177   362   408   407   363
                               1278  2068  1289  1276  1773  1864  1775  1771
                               1277  1867  1865  1288
      41   1   1   1   0   1      4   486   485     7   303   489   490   302
                                651  2021   664   648  1632  2029  1630  1629
                                650  2024  2022   663
      42   1   1   1   0   1      4     7   485   486     5     8   466   467
                                648   664  2021   651   653   668  1982   655
                                647   660  1983  1985
 
    ELEM MAT TYP REL ESY SEC        NODES
 
      43   1   1   1   0   1      5     8   466   467     6     9   447   448
                                653   668  1982   655   656   672  1943   659
                                652   665  1944  1946
      44   1   1   1   0   1      6     9   447   448   306   307   427   428
                                656   672  1943   659  1639  1644  1903  1641
                                658   671  1904  1906
      45   1   1   1   0   1      4     7    64    61   303   302   283   284
                                648   662   895   649  1629  1591  1590  1593
                                650   663   907   897
      46   1   1   1   0   1      4    61    64     7     5    62    65     8
                                649   895   662   648   654   899   667   653
                                647   894   904   660
      47   1   1   1   0   1      5    62    65     8     6    63    66     9
                                654   899   667   653   657   901   670   656
                                652   898   908   665
      48   1   1   1   0   1      6    63    66     9   306   325   326   307
                                657   901   670   656  1640  1696  1643  1639
                                658   903   913   671
      49   1   1   1   0   1     61    64   121   118   284   283   264   265
                                895   906  1088   896  1590  1552  1551  1554
                                897   907  1100  1090
 
    ELEM MAT TYP REL ESY SEC        NODES
 
      50   1   1   1   0   1     61   118   121    64    62   119   122    65
                                896  1088   906   895   900  1092   910   899
                                894  1087  1097   904
      51   1   1   1   0   1     62   119   122    65    63   120   123    66
                                900  1092   910   899   902  1094   912   901
                                898  1091  1101   908
      52   1   1   1   0   1     63   120   123    66   325   344   345   326
                                902  1094   912   901  1697  1735  1699  1696
                                903  1096  1106   913
      53   1   1   1   0   1    118   121   178   175   265   264   245   246
                               1088  1099  1281  1089  1551  1510  1509  1513
                               1090  1100  1292  1282
      54   1   1   1   0   1    118   175   178   121   119   176   179   122
                               1089  1281  1099  1088  1093  1285  1103  1092
                               1087  1280  1290  1097
      55   1   1   1   0   1    119   176   179   122   120   177   180   123
                               1093  1285  1103  1092  1095  1287  1105  1094
                               1091  1284  1294  1101
      56   1   1   1   0   1    120   177   180   123   344   363   364   345
                               1095  1287  1105  1094  1736  1774  1738  1735
                               1096  1288  1298  1106
 
    ELEM MAT TYP REL ESY SEC        NODES
 
      57   1   1   1   0   1    175   178   521   518   246   245   574   573
                               1281  1293  2071  1283  1509  1511  2180  1514
                               1282  1292  2078  2072
      58   1   1   1   0   1    175   518   521   178   176   519   522   179
                               1283  2071  1293  1281  1286  2074  1296  1285
                               1280  2070  2076  1290
      59   1   1   1   0   1    176   519   522   179   177   520   523   180
                               1286  2074  1296  1285  1289  2075  1299  1287
                               1284  2073  2079  1294
      60   1   1   1   0   1    177   520   523   180   363   407   406   364
                               1289  2075  1299  1287  1775  1862  1777  1774
                               1288  1865  1863  1298
      61   1   1   1   0   1      7   485   484    10   302   490   491   301
                                664  2019   677   661  1630  2030  1628  1627
                                663  2022  2020   676
      62   1   1   1   0   1      7    10   484   485     8    11   465   466
                                661   677  2019   664   666   681  1980   668
                                660   673  1981  1983
      63   1   1   1   0   1      8    11   465   466     9    12   446   447
                                666   681  1980   668   669   685  1941   672
                                665   678  1942  1944
 
    ELEM MAT TYP REL ESY SEC        NODES
 
      64   1   1   1   0   1      9    12   446   447   307   308   426   427
                                669   685  1941   672  1642  1647  1901  1644
                                671   684  1902  1904
      65   1   1   1   0   1      7    10    67    64   302   301   282   283
                                661   675   905   662  1627  1589  1588  1591
                                663   676   917   907
      66   1   1   1   0   1      7    64    67    10     8    65    68    11
                                662   905   675   661   667   909   680   666
                                660   904   914   673
      67   1   1   1   0   1      8    65    68    11     9    66    69    12
                                667   909   680   666   670   911   683   669
                                665   908   918   678
      68   1   1   1   0   1      9    66    69    12   307   326   327   308
                                670   911   683   669  1643  1698  1646  1642
                                671   913   923   684
      69   1   1   1   0   1     64    67   124   121   283   282   263   264
                                905   916  1098   906  1588  1550  1549  1552
                                907   917  1110  1100
      70   1   1   1   0   1     64   121   124    67    65   122   125    68
                                906  1098   916   905   910  1102   920   909
                                904  1097  1107   914
 
    ELEM MAT TYP REL ESY SEC        NODES
 
      71   1   1   1   0   1     65   122   125    68    66   123   126    69
                                910  1102   920   909   912  1104   922   911
                                908  1101  1111   918
      72   1   1   1   0   1     66   123   126    69   326   345   346   327
                                912  1104   922   911  1699  1737  1701  1698
                                913  1106  1116   923
      73   1   1   1   0   1    121   124   181   178   264   263   244   245
                               1098  1109  1291  1099  1549  1507  1506  1510
                               1100  1110  1302  1292
      74   1   1   1   0   1    121   178   181   124   122   179   182   125
                               1099  1291  1109  1098  1103  1295  1113  1102
                               1097  1290  1300  1107
      75   1   1   1   0   1    122   179   182   125   123   180   183   126
                               1103  1295  1113  1102  1105  1297  1115  1104
                               1101  1294  1304  1111
      76   1   1   1   0   1    123   180   183   126   345   364   365   346
                               1105  1297  1115  1104  1738  1776  1740  1737
                               1106  1298  1308  1116
      77   1   1   1   0   1    178   181   524   521   245   244   575   574
                               1291  1303  2077  1293  1506  1508  2181  1511
                               1292  1302  2084  2078
 
    ELEM MAT TYP REL ESY SEC        NODES
 
      78   1   1   1   0   1    178   521   524   181   179   522   525   182
                               1293  2077  1303  1291  1296  2080  1306  1295
                               1290  2076  2082  1300
      79   1   1   1   0   1    179   522   525   182   180   523   526   183
                               1296  2080  1306  1295  1299  2081  1309  1297
                               1294  2079  2085  1304
      80   1   1   1   0   1    180   523   526   183   364   406   405   365
                               1299  2081  1309  1297  1777  1860  1779  1776
                               1298  1863  1861  1308
      81   1   1   1   0   1     10   484   483    13   301   491   492   300
                                677  2017   690   674  1628  2031  1626  1625
                                676  2020  2018   689
      82   1   1   1   0   1     10    13   483   484    11    14   464   465
                                674   690  2017   677   679   694  1978   681
                                673   686  1979  1981
      83   1   1   1   0   1     11    14   464   465    12    15   445   446
                                679   694  1978   681   682   698  1939   685
                                678   691  1940  1942
      84   1   1   1   0   1     12    15   445   446   308   309   425   426
                                682   698  1939   685  1645  1650  1899  1647
                                684   697  1900  1902
 
    ELEM MAT TYP REL ESY SEC        NODES
 
      85   1   1   1   0   1     10    13    70    67   301   300   281   282
                                674   688   915   675  1625  1587  1586  1589
                                676   689   927   917
      86   1   1   1   0   1     10    67    70    13    11    68    71    14
                                675   915   688   674   680   919   693   679
                                673   914   924   686
      87   1   1   1   0   1     11    68    71    14    12    69    72    15
                                680   919   693   679   683   921   696   682
                                678   918   928   691
      88   1   1   1   0   1     12    69    72    15   308   327   328   309
                                683   921   696   682  1646  1700  1649  1645
                                684   923   933   697
      89   1   1   1   0   1     67    70   127   124   282   281   262   263
                                915   926  1108   916  1586  1548  1547  1550
                                917   927  1120  1110
      90   1   1   1   0   1     67   124   127    70    68   125   128    71
                                916  1108   926   915   920  1112   930   919
                                914  1107  1117   924
      91   1   1   1   0   1     68   125   128    71    69   126   129    72
                                920  1112   930   919   922  1114   932   921
                                918  1111  1121   928
 
    ELEM MAT TYP REL ESY SEC        NODES
 
      92   1   1   1   0   1     69   126   129    72   327   346   347   328
                                922  1114   932   921  1701  1739  1703  1700
                                923  1116  1126   933
      93   1   1   1   0   1    124   127   184   181   263   262   243   244
                               1108  1119  1301  1109  1547  1504  1503  1507
                               1110  1120  1312  1302
      94   1   1   1   0   1    124   181   184   127   125   182   185   128
                               1109  1301  1119  1108  1113  1305  1123  1112
                               1107  1300  1310  1117
      95   1   1   1   0   1    125   182   185   128   126   183   186   129
                               1113  1305  1123  1112  1115  1307  1125  1114
                               1111  1304  1314  1121
      96   1   1   1   0   1    126   183   186   129   346   365   366   347
                               1115  1307  1125  1114  1740  1778  1742  1739
                               1116  1308  1318  1126
      97   1   1   1   0   1    181   184   527   524   244   243   576   575
                               1301  1313  2083  1303  1503  1505  2182  1508
                               1302  1312  2090  2084
      98   1   1   1   0   1    181   524   527   184   182   525   528   185
                               1303  2083  1313  1301  1306  2086  1316  1305
                               1300  2082  2088  1310
 
    ELEM MAT TYP REL ESY SEC        NODES
 
      99   1   1   1   0   1    182   525   528   185   183   526   529   186
                               1306  2086  1316  1305  1309  2087  1319  1307
                               1304  2085  2091  1314
     100   1   1   1   0   1    183   526   529   186   365   405   404   366
                               1309  2087  1319  1307  1779  1858  1781  1778
                               1308  1861  1859  1318
     101   1   1   1   0   1     13   483   482    16   300   492   493   299
                                690  2015   703   687  1626  2032  1624  1623
                                689  2018  2016   702
     102   1   1   1   0   1     13    16   482   483    14    17   463   464
                                687   703  2015   690   692   707  1976   694
                                686   699  1977  1979
     103   1   1   1   0   1     14    17   463   464    15    18   444   445
                                692   707  1976   694   695   711  1937   698
                                691   704  1938  1940
     104   1   1   1   0   1     15    18   444   445   309   310   424   425
                                695   711  1937   698  1648  1653  1897  1650
                                697   710  1898  1900
     105   1   1   1   0   1     13    16    73    70   300   299   280   281
                                687   701   925   688  1623  1585  1584  1587
                                689   702   937   927
 
    ELEM MAT TYP REL ESY SEC        NODES
 
     106   1   1   1   0   1     13    70    73    16    14    71    74    17
                                688   925   701   687   693   929   706   692
                                686   924   934   699
     107   1   1   1   0   1     14    71    74    17    15    72    75    18
                                693   929   706   692   696   931   709   695
                                691   928   938   704
     108   1   1   1   0   1     15    72    75    18   309   328   329   310
                                696   931   709   695  1649  1702  1652  1648
                                697   933   943   710
     109   1   1   1   0   1     70    73   130   127   281   280   261   262
                                925   936  1118   926  1584  1546  1545  1548
                                927   937  1130  1120
     110   1   1   1   0   1     70   127   130    73    71   128   131    74
                                926  1118   936   925   930  1122   940   929
                                924  1117  1127   934
     111   1   1   1   0   1     71   128   131    74    72   129   132    75
                                930  1122   940   929   932  1124   942   931
                                928  1121  1131   938
     112   1   1   1   0   1     72   129   132    75   328   347   348   329
                                932  1124   942   931  1703  1741  1705  1702
                                933  1126  1136   943
 
    ELEM MAT TYP REL ESY SEC        NODES
 
     113   1   1   1   0   1    127   130   187   184   262   261   242   243
                               1118  1129  1311  1119  1545  1501  1500  1504
                               1120  1130  1322  1312
     114   1   1   1   0   1    127   184   187   130   128   185   188   131
                               1119  1311  1129  1118  1123  1315  1133  1122
                               1117  1310  1320  1127
     115   1   1   1   0   1    128   185   188   131   129   186   189   132
                               1123  1315  1133  1122  1125  1317  1135  1124
                               1121  1314  1324  1131
     116   1   1   1   0   1    129   186   189   132   347   366   367   348
                               1125  1317  1135  1124  1742  1780  1744  1741
                               1126  1318  1328  1136
     117   1   1   1   0   1    184   187   530   527   243   242   577   576
                               1311  1323  2089  1313  1500  1502  2183  1505
                               1312  1322  2096  2090
     118   1   1   1   0   1    184   527   530   187   185   528   531   188
                               1313  2089  1323  1311  1316  2092  1326  1315
                               1310  2088  2094  1320
     119   1   1   1   0   1    185   528   531   188   186   529   532   189
                               1316  2092  1326  1315  1319  2093  1329  1317
                               1314  2091  2097  1324
 
    ELEM MAT TYP REL ESY SEC        NODES
 
     120   1   1   1   0   1    186   529   532   189   366   404   403   367
                               1319  2093  1329  1317  1781  1856  1783  1780
                               1318  1859  1857  1328
     121   1   1   1   0   1     16   482   481    19   299   493   494   298
                                703  2013   716   700  1624  2033  1622  1621
                                702  2016  2014   715
     122   1   1   1   0   1     16    19   481   482    17    20   462   463
                                700   716  2013   703   705   720  1974   707
                                699   712  1975  1977
     123   1   1   1   0   1     17    20   462   463    18    21   443   444
                                705   720  1974   707   708   724  1935   711
                                704   717  1936  1938
     124   1   1   1   0   1     18    21   443   444   310   311   423   424
                                708   724  1935   711  1651  1656  1895  1653
                                710   723  1896  1898
     125   1   1   1   0   1     16    19    76    73   299   298   279   280
                                700   714   935   701  1621  1583  1582  1585
                                702   715   947   937
     126   1   1   1   0   1     16    73    76    19    17    74    77    20
                                701   935   714   700   706   939   719   705
                                699   934   944   712
 
    ELEM MAT TYP REL ESY SEC        NODES
 
     127   1   1   1   0   1     17    74    77    20    18    75    78    21
                                706   939   719   705   709   941   722   708
                                704   938   948   717
     128   1   1   1   0   1     18    75    78    21   310   329   330   311
                                709   941   722   708  1652  1704  1655  1651
                                710   943   953   723
     129   1   1   1   0   1     73    76   133   130   280   279   260   261
                                935   946  1128   936  1582  1544  1543  1546
                                937   947  1140  1130
     130   1   1   1   0   1     73   130   133    76    74   131   134    77
                                936  1128   946   935   940  1132   950   939
                                934  1127  1137   944
     131   1   1   1   0   1     74   131   134    77    75   132   135    78
                                940  1132   950   939   942  1134   952   941
                                938  1131  1141   948
     132   1   1   1   0   1     75   132   135    78   329   348   349   330
                                942  1134   952   941  1705  1743  1707  1704
                                943  1136  1146   953
     133   1   1   1   0   1    130   133   190   187   261   260   241   242
                               1128  1139  1321  1129  1543  1498  1497  1501
                               1130  1140  1332  1322
 
    ELEM MAT TYP REL ESY SEC        NODES
 
     134   1   1   1   0   1    130   187   190   133   131   188   191   134
                               1129  1321  1139  1128  1133  1325  1143  1132
                               1127  1320  1330  1137
     135   1   1   1   0   1    131   188   191   134   132   189   192   135
                               1133  1325  1143  1132  1135  1327  1145  1134
                               1131  1324  1334  1141
     136   1   1   1   0   1    132   189   192   135   348   367   368   349
                               1135  1327  1145  1134  1744  1782  1746  1743
                               1136  1328  1338  1146
     137   1   1   1   0   1    187   190   533   530   242   241   578   577
                               1321  1333  2095  1323  1497  1499  2184  1502
                               1322  1332  2102  2096
     138   1   1   1   0   1    187   530   533   190   188   531   534   191
                               1323  2095  1333  1321  1326  2098  1336  1325
                               1320  2094  2100  1330
     139   1   1   1   0   1    188   531   534   191   189   532   535   192
                               1326  2098  1336  1325  1329  2099  1339  1327
                               1324  2097  2103  1334
     140   1   1   1   0   1    189   532   535   192   367   403   402   368
                               1329  2099  1339  1327  1783  1854  1785  1782
                               1328  1857  1855  1338
 
    ELEM MAT TYP REL ESY SEC        NODES
 
     141   1   1   1   0   1     19   481   480    22   298   494   495   297
                                716  2011   729   713  1622  2034  1620  1619
                                715  2014  2012   728
     142   1   1   1   0   1     19    22   480   481    20    23   461   462
                                713   729  2011   716   718   733  1972   720
                                712   725  1973  1975
     143   1   1   1   0   1     20    23   461   462    21    24   442   443
                                718   733  1972   720   721   737  1933   724
                                717   730  1934  1936
     144   1   1   1   0   1     21    24   442   443   311   312   422   423
                                721   737  1933   724  1654  1659  1893  1656
                                723   736  1894  1896
     145   1   1   1   0   1     19    22    79    76   298   297   278   279
                                713   727   945   714  1619  1581  1580  1583
                                715   728   957   947
     146   1   1   1   0   1     19    76    79    22    20    77    80    23
                                714   945   727   713   719   949   732   718
                                712   944   954   725
     147   1   1   1   0   1     20    77    80    23    21    78    81    24
                                719   949   732   718   722   951   735   721
                                717   948   958   730
 
    ELEM MAT TYP REL ESY SEC        NODES
 
     148   1   1   1   0   1     21    78    81    24   311   330   331   312
                                722   951   735   721  1655  1706  1658  1654
                                723   953   963   736
     149   1   1   1   0   1     76    79   136   133   279   278   259   260
                                945   956  1138   946  1580  1542  1541  1544
                                947   957  1150  1140
     150   1   1   1   0   1     76   133   136    79    77   134   137    80
                                946  1138   956   945   950  1142   960   949
                                944  1137  1147   954
     151   1   1   1   0   1     77   134   137    80    78   135   138    81
                                950  1142   960   949   952  1144   962   951
                                948  1141  1151   958
     152   1   1   1   0   1     78   135   138    81   330   349   350   331
                                952  1144   962   951  1707  1745  1709  1706
                                953  1146  1156   963
     153   1   1   1   0   1    133   136   193   190   260   259   240   241
                               1138  1149  1331  1139  1541  1495  1494  1498
                               1140  1150  1342  1332
     154   1   1   1   0   1    133   190   193   136   134   191   194   137
                               1139  1331  1149  1138  1143  1335  1153  1142
                               1137  1330  1340  1147
 
    ELEM MAT TYP REL ESY SEC        NODES
 
     155   1   1   1   0   1    134   191   194   137   135   192   195   138
                               1143  1335  1153  1142  1145  1337  1155  1144
                               1141  1334  1344  1151
     156   1   1   1   0   1    135   192   195   138   349   368   369   350
                               1145  1337  1155  1144  1746  1784  1748  1745
                               1146  1338  1348  1156
     157   1   1   1   0   1    190   193   536   533   241   240   579   578
                               1331  1343  2101  1333  1494  1496  2185  1499
                               1332  1342  2108  2102
     158   1   1   1   0   1    190   533   536   193   191   534   537   194
                               1333  2101  1343  1331  1336  2104  1346  1335
                               1330  2100  2106  1340
     159   1   1   1   0   1    191   534   537   194   192   535   538   195
                               1336  2104  1346  1335  1339  2105  1349  1337
                               1334  2103  2109  1344
     160   1   1   1   0   1    192   535   538   195   368   402   401   369
                               1339  2105  1349  1337  1785  1852  1787  1784
                               1338  1855  1853  1348
     161   1   1   1   0   1     22   480   479    25   297   495   496   296
                                729  2009   742   726  1620  2035  1618  1617
                                728  2012  2010   741
 
    ELEM MAT TYP REL ESY SEC        NODES
 
     162   1   1   1   0   1     22    25   479   480    23    26   460   461
                                726   742  2009   729   731   746  1970   733
                                725   738  1971  1973
     163   1   1   1   0   1     23    26   460   461    24    27   441   442
                                731   746  1970   733   734   750  1931   737
                                730   743  1932  1934
     164   1   1   1   0   1     24    27   441   442   312   313   421   422
                                734   750  1931   737  1657  1662  1891  1659
                                736   749  1892  1894
     165   1   1   1   0   1     22    25    82    79   297   296   277   278
                                726   740   955   727  1617  1579  1578  1581
                                728   741   967   957
     166   1   1   1   0   1     22    79    82    25    23    80    83    26
                                727   955   740   726   732   959   745   731
                                725   954   964   738
     167   1   1   1   0   1     23    80    83    26    24    81    84    27
                                732   959   745   731   735   961   748   734
                                730   958   968   743
     168   1   1   1   0   1     24    81    84    27   312   331   332   313
                                735   961   748   734  1658  1708  1661  1657
                                736   963   973   749
 
    ELEM MAT TYP REL ESY SEC        NODES
 
     169   1   1   1   0   1     79    82   139   136   278   277   258   259
                                955   966  1148   956  1578  1540  1539  1542
                                957   967  1160  1150
     170   1   1   1   0   1     79   136   139    82    80   137   140    83
                                956  1148   966   955   960  1152   970   959
                                954  1147  1157   964
     171   1   1   1   0   1     80   137   140    83    81   138   141    84
                                960  1152   970   959   962  1154   972   961
                                958  1151  1161   968
     172   1   1   1   0   1     81   138   141    84   331   350   351   332
                                962  1154   972   961  1709  1747  1711  1708
                                963  1156  1166   973
     173   1   1   1   0   1    136   139   196   193   259   258   239   240
                               1148  1159  1341  1149  1539  1492  1491  1495
                               1150  1160  1352  1342
     174   1   1   1   0   1    136   193   196   139   137   194   197   140
                               1149  1341  1159  1148  1153  1345  1163  1152
                               1147  1340  1350  1157
     175   1   1   1   0   1    137   194   197   140   138   195   198   141
                               1153  1345  1163  1152  1155  1347  1165  1154
                               1151  1344  1354  1161
 
    ELEM MAT TYP REL ESY SEC        NODES
 
     176   1   1   1   0   1    138   195   198   141   350   369   370   351
                               1155  1347  1165  1154  1748  1786  1750  1747
                               1156  1348  1358  1166
     177   1   1   1   0   1    193   196   539   536   240   239   580   579
                               1341  1353  2107  1343  1491  1493  2186  1496
                               1342  1352  2114  2108
     178   1   1   1   0   1    193   536   539   196   194   537   540   197
                               1343  2107  1353  1341  1346  2110  1356  1345
                               1340  2106  2112  1350
     179   1   1   1   0   1    194   537   540   197   195   538   541   198
                               1346  2110  1356  1345  1349  2111  1359  1347
                               1344  2109  2115  1354
     180   1   1   1   0   1    195   538   541   198   369   401   400   370
                               1349  2111  1359  1347  1787  1850  1789  1786
                               1348  1853  1851  1358
     181   1   1   1   0   1     25   479   478    28   296   496   497   295
                                742  2007   755   739  1618  2036  1616  1615
                                741  2010  2008   754
     182   1   1   1   0   1     25    28   478   479    26    29   459   460
                                739   755  2007   742   744   759  1968   746
                                738   751  1969  1971
 
    ELEM MAT TYP REL ESY SEC        NODES
 
     183   1   1   1   0   1     26    29   459   460    27    30   440   441
                                744   759  1968   746   747   763  1929   750
                                743   756  1930  1932
     184   1   1   1   0   1     27    30   440   441   313   314   420   421
                                747   763  1929   750  1660  1665  1889  1662
                                749   762  1890  1892
     185   1   1   1   0   1     25    28    85    82   296   295   276   277
                                739   753   965   740  1615  1577  1576  1579
                                741   754   977   967
     186   1   1   1   0   1     25    82    85    28    26    83    86    29
                                740   965   753   739   745   969   758   744
                                738   964   974   751
     187   1   1   1   0   1     26    83    86    29    27    84    87    30
                                745   969   758   744   748   971   761   747
                                743   968   978   756
     188   1   1   1   0   1     27    84    87    30   313   332   333   314
                                748   971   761   747  1661  1710  1664  1660
                                749   973   983   762
     189   1   1   1   0   1     82    85   142   139   277   276   257   258
                                965   976  1158   966  1576  1538  1537  1540
                                967   977  1170  1160
 
    ELEM MAT TYP REL ESY SEC        NODES
 
     190   1   1   1   0   1     82   139   142    85    83   140   143    86
                                966  1158   976   965   970  1162   980   969
                                964  1157  1167   974
     191   1   1   1   0   1     83   140   143    86    84   141   144    87
                                970  1162   980   969   972  1164   982   971
                                968  1161  1171   978
     192   1   1   1   0   1     84   141   144    87   332   351   352   333
                                972  1164   982   971  1711  1749  1713  1710
                                973  1166  1176   983
     193   1   1   1   0   1    139   142   199   196   258   257   238   239
                               1158  1169  1351  1159  1537  1489  1488  1492
                               1160  1170  1362  1352
     194   1   1   1   0   1    139   196   199   142   140   197   200   143
                               1159  1351  1169  1158  1163  1355  1173  1162
                               1157  1350  1360  1167
     195   1   1   1   0   1    140   197   200   143   141   198   201   144
                               1163  1355  1173  1162  1165  1357  1175  1164
                               1161  1354  1364  1171
     196   1   1   1   0   1    141   198   201   144   351   370   371   352
                               1165  1357  1175  1164  1750  1788  1752  1749
                               1166  1358  1368  1176
 
    ELEM MAT TYP REL ESY SEC        NODES
 
     197   1   1   1   0   1    196   199   542   539   239   238   581   580
                               1351  1363  2113  1353  1488  1490  2187  1493
                               1352  1362  2120  2114
     198   1   1   1   0   1    196   539   542   199   197   540   543   200
                               1353  2113  1363  1351  1356  2116  1366  1355
                               1350  2112  2118  1360
     199   1   1   1   0   1    197   540   543   200   198   541   544   201
                               1356  2116  1366  1355  1359  2117  1369  1357
                               1354  2115  2121  1364
     200   1   1   1   0   1    198   541   544   201   370   400   399   371
                               1359  2117  1369  1357  1789  1848  1791  1788
                               1358  1851  1849  1368
     201   1   1   1   0   1     28   478   477    31   295   497   498   294
                                755  2005   768   752  1616  2037  1614  1613
                                754  2008  2006   767
     202   1   1   1   0   1     28    31   477   478    29    32   458   459
                                752   768  2005   755   757   772  1966   759
                                751   764  1967  1969
     203   1   1   1   0   1     29    32   458   459    30    33   439   440
                                757   772  1966   759   760   776  1927   763
                                756   769  1928  1930
 
    ELEM MAT TYP REL ESY SEC        NODES
 
     204   1   1   1   0   1     30    33   439   440   314   315   419   420
                                760   776  1927   763  1663  1668  1887  1665
                                762   775  1888  1890
     205   1   1   1   0   1     28    31    88    85   295   294   275   276
                                752   766   975   753  1613  1575  1574  1577
                                754   767   987   977
     206   1   1   1   0   1     28    85    88    31    29    86    89    32
                                753   975   766   752   758   979   771   757
                                751   974   984   764
     207   1   1   1   0   1     29    86    89    32    30    87    90    33
                                758   979   771   757   761   981   774   760
                                756   978   988   769
     208   1   1   1   0   1     30    87    90    33   314   333   334   315
                                761   981   774   760  1664  1712  1667  1663
                                762   983   993   775
     209   1   1   1   0   1     85    88   145   142   276   275   256   257
                                975   986  1168   976  1574  1536  1535  1538
                                977   987  1180  1170
     210   1   1   1   0   1     85   142   145    88    86   143   146    89
                                976  1168   986   975   980  1172   990   979
                                974  1167  1177   984
 
    ELEM MAT TYP REL ESY SEC        NODES
 
     211   1   1   1   0   1     86   143   146    89    87   144   147    90
                                980  1172   990   979   982  1174   992   981
                                978  1171  1181   988
     212   1   1   1   0   1     87   144   147    90   333   352   353   334
                                982  1174   992   981  1713  1751  1715  1712
                                983  1176  1186   993
     213   1   1   1   0   1    142   145   202   199   257   256   237   238
                               1168  1179  1361  1169  1535  1486  1485  1489
                               1170  1180  1372  1362
     214   1   1   1   0   1    142   199   202   145   143   200   203   146
                               1169  1361  1179  1168  1173  1365  1183  1172
                               1167  1360  1370  1177
     215   1   1   1   0   1    143   200   203   146   144   201   204   147
                               1173  1365  1183  1172  1175  1367  1185  1174
                               1171  1364  1374  1181
     216   1   1   1   0   1    144   201   204   147   352   371   372   353
                               1175  1367  1185  1174  1752  1790  1754  1751
                               1176  1368  1378  1186
     217   1   1   1   0   1    199   202   545   542   238   237   582   581
                               1361  1373  2119  1363  1485  1487  2188  1490
                               1362  1372  2126  2120
 
    ELEM MAT TYP REL ESY SEC        NODES
 
     218   1   1   1   0   1    199   542   545   202   200   543   546   203
                               1363  2119  1373  1361  1366  2122  1376  1365
                               1360  2118  2124  1370
     219   1   1   1   0   1    200   543   546   203   201   544   547   204
                               1366  2122  1376  1365  1369  2123  1379  1367
                               1364  2121  2127  1374
     220   1   1   1   0   1    201   544   547   204   371   399   398   372
                               1369  2123  1379  1367  1791  1846  1793  1790
                               1368  1849  1847  1378
     221   1   1   1   0   1     31   477   476    34   294   498   499   293
                                768  2003   781   765  1614  2038  1612  1611
                                767  2006  2004   780
     222   1   1   1   0   1     31    34   476   477    32    35   457   458
                                765   781  2003   768   770   785  1964   772
                                764   777  1965  1967
     223   1   1   1   0   1     32    35   457   458    33    36   438   439
                                770   785  1964   772   773   789  1925   776
                                769   782  1926  1928
     224   1   1   1   0   1     33    36   438   439   315   316   418   419
                                773   789  1925   776  1666  1671  1885  1668
                                775   788  1886  1888
 
    ELEM MAT TYP REL ESY SEC        NODES
 
     225   1   1   1   0   1     31    34    91    88   294   293   274   275
                                765   779   985   766  1611  1573  1572  1575
                                767   780   997   987
     226   1   1   1   0   1     31    88    91    34    32    89    92    35
                                766   985   779   765   771   989   784   770
                                764   984   994   777
     227   1   1   1   0   1     32    89    92    35    33    90    93    36
                                771   989   784   770   774   991   787   773
                                769   988   998   782
     228   1   1   1   0   1     33    90    93    36   315   334   335   316
                                774   991   787   773  1667  1714  1670  1666
                                775   993  1003   788
     229   1   1   1   0   1     88    91   148   145   275   274   255   256
                                985   996  1178   986  1572  1534  1533  1536
                                987   997  1190  1180
     230   1   1   1   0   1     88   145   148    91    89   146   149    92
                                986  1178   996   985   990  1182  1000   989
                                984  1177  1187   994
     231   1   1   1   0   1     89   146   149    92    90   147   150    93
                                990  1182  1000   989   992  1184  1002   991
                                988  1181  1191   998
 
    ELEM MAT TYP REL ESY SEC        NODES
 
     232   1   1   1   0   1     90   147   150    93   334   353   354   335
                                992  1184  1002   991  1715  1753  1717  1714
                                993  1186  1196  1003
     233   1   1   1   0   1    145   148   205   202   256   255   236   237
                               1178  1189  1371  1179  1533  1483  1482  1486
                               1180  1190  1382  1372
     234   1   1   1   0   1    145   202   205   148   146   203   206   149
                               1179  1371  1189  1178  1183  1375  1193  1182
                               1177  1370  1380  1187
     235   1   1   1   0   1    146   203   206   149   147   204   207   150
                               1183  1375  1193  1182  1185  1377  1195  1184
                               1181  1374  1384  1191
     236   1   1   1   0   1    147   204   207   150   353   372   373   354
                               1185  1377  1195  1184  1754  1792  1756  1753
                               1186  1378  1388  1196
     237   1   1   1   0   1    202   205   548   545   237   236   583   582
                               1371  1383  2125  1373  1482  1484  2189  1487
                               1372  1382  2132  2126
     238   1   1   1   0   1    202   545   548   205   203   546   549   206
                               1373  2125  1383  1371  1376  2128  1386  1375
                               1370  2124  2130  1380
 
    ELEM MAT TYP REL ESY SEC        NODES
 
     239   1   1   1   0   1    203   546   549   206   204   547   550   207
                               1376  2128  1386  1375  1379  2129  1389  1377
                               1374  2127  2133  1384
     240   1   1   1   0   1    204   547   550   207   372   398   397   373
                               1379  2129  1389  1377  1793  1844  1795  1792
                               1378  1847  1845  1388
     241   1   1   1   0   1     34   476   475    37   293   499   500   292
                                781  2001   794   778  1612  2039  1610  1609
                                780  2004  2002   793
     242   1   1   1   0   1     34    37   475   476    35    38   456   457
                                778   794  2001   781   783   798  1962   785
                                777   790  1963  1965
     243   1   1   1   0   1     35    38   456   457    36    39   437   438
                                783   798  1962   785   786   802  1923   789
                                782   795  1924  1926
     244   1   1   1   0   1     36    39   437   438   316   317   417   418
                                786   802  1923   789  1669  1674  1883  1671
                                788   801  1884  1886
     245   1   1   1   0   1     34    37    94    91   293   292   273   274
                                778   792   995   779  1609  1571  1570  1573
                                780   793  1007   997
 
    ELEM MAT TYP REL ESY SEC        NODES
 
     246   1   1   1   0   1     34    91    94    37    35    92    95    38
                                779   995   792   778   784   999   797   783
                                777   994  1004   790
     247   1   1   1   0   1     35    92    95    38    36    93    96    39
                                784   999   797   783   787  1001   800   786
                                782   998  1008   795
     248   1   1   1   0   1     36    93    96    39   316   335   336   317
                                787  1001   800   786  1670  1716  1673  1669
                                788  1003  1013   801
     249   1   1   1   0   1     91    94   151   148   274   273   254   255
                                995  1006  1188   996  1570  1532  1531  1534
                                997  1007  1200  1190
     250   1   1   1   0   1     91   148   151    94    92   149   152    95
                                996  1188  1006   995  1000  1192  1010   999
                                994  1187  1197  1004
     251   1   1   1   0   1     92   149   152    95    93   150   153    96
                               1000  1192  1010   999  1002  1194  1012  1001
                                998  1191  1201  1008
     252   1   1   1   0   1     93   150   153    96   335   354   355   336
                               1002  1194  1012  1001  1717  1755  1719  1716
                               1003  1196  1206  1013
 
    ELEM MAT TYP REL ESY SEC        NODES
 
     253   1   1   1   0   1    148   151   208   205   255   254   235   236
                               1188  1199  1381  1189  1531  1480  1479  1483
                               1190  1200  1392  1382
     254   1   1   1   0   1    148   205   208   151   149   206   209   152
                               1189  1381  1199  1188  1193  1385  1203  1192
                               1187  1380  1390  1197
     255   1   1   1   0   1    149   206   209   152   150   207   210   153
                               1193  1385  1203  1192  1195  1387  1205  1194
                               1191  1384  1394  1201
     256   1   1   1   0   1    150   207   210   153   354   373   374   355
                               1195  1387  1205  1194  1756  1794  1758  1755
                               1196  1388  1398  1206
     257   1   1   1   0   1    205   208   551   548   236   235   584   583
                               1381  1393  2131  1383  1479  1481  2190  1484
                               1382  1392  2138  2132
     258   1   1   1   0   1    205   548   551   208   206   549   552   209
                               1383  2131  1393  1381  1386  2134  1396  1385
                               1380  2130  2136  1390
     259   1   1   1   0   1    206   549   552   209   207   550   553   210
                               1386  2134  1396  1385  1389  2135  1399  1387
                               1384  2133  2139  1394
 
    ELEM MAT TYP REL ESY SEC        NODES
 
     260   1   1   1   0   1    207   550   553   210   373   397   396   374
                               1389  2135  1399  1387  1795  1842  1797  1794
                               1388  1845  1843  1398
     261   1   1   1   0   1     37   475   474    40   292   500   501   291
                                794  1999   807   791  1610  2040  1608  1607
                                793  2002  2000   806
     262   1   1   1   0   1     37    40   474   475    38    41   455   456
                                791   807  1999   794   796   811  1960   798
                                790   803  1961  1963
     263   1   1   1   0   1     38    41   455   456    39    42   436   437
                                796   811  1960   798   799   815  1921   802
                                795   808  1922  1924
     264   1   1   1   0   1     39    42   436   437   317   318   416   417
                                799   815  1921   802  1672  1677  1881  1674
                                801   814  1882  1884
     265   1   1   1   0   1     37    40    97    94   292   291   272   273
                                791   805  1005   792  1607  1569  1568  1571
                                793   806  1017  1007
     266   1   1   1   0   1     37    94    97    40    38    95    98    41
                                792  1005   805   791   797  1009   810   796
                                790  1004  1014   803
 
    ELEM MAT TYP REL ESY SEC        NODES
 
     267   1   1   1   0   1     38    95    98    41    39    96    99    42
                                797  1009   810   796   800  1011   813   799
                                795  1008  1018   808
     268   1   1   1   0   1     39    96    99    42   317   336   337   318
                                800  1011   813   799  1673  1718  1676  1672
                                801  1013  1023   814
     269   1   1   1   0   1     94    97   154   151   273   272   253   254
                               1005  1016  1198  1006  1568  1530  1529  1532
                               1007  1017  1210  1200
     270   1   1   1   0   1     94   151   154    97    95   152   155    98
                               1006  1198  1016  1005  1010  1202  1020  1009
                               1004  1197  1207  1014
     271   1   1   1   0   1     95   152   155    98    96   153   156    99
                               1010  1202  1020  1009  1012  1204  1022  1011
                               1008  1201  1211  1018
     272   1   1   1   0   1     96   153   156    99   336   355   356   337
                               1012  1204  1022  1011  1719  1757  1721  1718
                               1013  1206  1216  1023
     273   1   1   1   0   1    151   154   211   208   254   253   234   235
                               1198  1209  1391  1199  1529  1477  1476  1480
                               1200  1210  1402  1392
 
    ELEM MAT TYP REL ESY SEC        NODES
 
     274   1   1   1   0   1    151   208   211   154   152   209   212   155
                               1199  1391  1209  1198  1203  1395  1213  1202
                               1197  1390  1400  1207
     275   1   1   1   0   1    152   209   212   155   153   210   213   156
                               1203  1395  1213  1202  1205  1397  1215  1204
                               1201  1394  1404  1211
     276   1   1   1   0   1    153   210   213   156   355   374   375   356
                               1205  1397  1215  1204  1758  1796  1760  1757
                               1206  1398  1408  1216
     277   1   1   1   0   1    208   211   554   551   235   234   585   584
                               1391  1403  2137  1393  1476  1478  2191  1481
                               1392  1402  2144  2138
     278   1   1   1   0   1    208   551   554   211   209   552   555   212
                               1393  2137  1403  1391  1396  2140  1406  1395
                               1390  2136  2142  1400
     279   1   1   1   0   1    209   552   555   212   210   553   556   213
                               1396  2140  1406  1395  1399  2141  1409  1397
                               1394  2139  2145  1404
     280   1   1   1   0   1    210   553   556   213   374   396   395   375
                               1399  2141  1409  1397  1797  1840  1799  1796
                               1398  1843  1841  1408
 
    ELEM MAT TYP REL ESY SEC        NODES
 
     281   1   1   1   0   1     40   474   473    43   291   501   502   290
                                807  1997   820   804  1608  2041  1606  1605
                                806  2000  1998   819
     282   1   1   1   0   1     40    43   473   474    41    44   454   455
                                804   820  1997   807   809   824  1958   811
                                803   816  1959  1961
     283   1   1   1   0   1     41    44   454   455    42    45   435   436
                                809   824  1958   811   812   828  1919   815
                                808   821  1920  1922
     284   1   1   1   0   1     42    45   435   436   318   319   415   416
                                812   828  1919   815  1675  1680  1879  1677
                                814   827  1880  1882
     285   1   1   1   0   1     40    43   100    97   291   290   271   272
                                804   818  1015   805  1605  1567  1566  1569
                                806   819  1027  1017
     286   1   1   1   0   1     40    97   100    43    41    98   101    44
                                805  1015   818   804   810  1019   823   809
                                803  1014  1024   816
     287   1   1   1   0   1     41    98   101    44    42    99   102    45
                                810  1019   823   809   813  1021   826   812
                                808  1018  1028   821
 
    ELEM MAT TYP REL ESY SEC        NODES
 
     288   1   1   1   0   1     42    99   102    45   318   337   338   319
                                813  1021   826   812  1676  1720  1679  1675
                                814  1023  1033   827
     289   1   1   1   0   1     97   100   157   154   272   271   252   253
                               1015  1026  1208  1016  1566  1528  1527  1530
                               1017  1027  1220  1210
     290   1   1   1   0   1     97   154   157   100    98   155   158   101
                               1016  1208  1026  1015  1020  1212  1030  1019
                               1014  1207  1217  1024
     291   1   1   1   0   1     98   155   158   101    99   156   159   102
                               1020  1212  1030  1019  1022  1214  1032  1021
                               1018  1211  1221  1028
     292   1   1   1   0   1     99   156   159   102   337   356   357   338
                               1022  1214  1032  1021  1721  1759  1723  1720
                               1023  1216  1226  1033
     293   1   1   1   0   1    154   157   214   211   253   252   233   234
                               1208  1219  1401  1209  1527  1474  1473  1477
                               1210  1220  1412  1402
     294   1   1   1   0   1    154   211   214   157   155   212   215   158
                               1209  1401  1219  1208  1213  1405  1223  1212
                               1207  1400  1410  1217
 
    ELEM MAT TYP REL ESY SEC        NODES
 
     295   1   1   1   0   1    155   212   215   158   156   213   216   159
                               1213  1405  1223  1212  1215  1407  1225  1214
                               1211  1404  1414  1221
     296   1   1   1   0   1    156   213   216   159   356   375   376   357
                               1215  1407  1225  1214  1760  1798  1762  1759
                               1216  1408  1418  1226
     297   1   1   1   0   1    211   214   557   554   234   233   586   585
                               1401  1413  2143  1403  1473  1475  2192  1478
                               1402  1412  2150  2144
     298   1   1   1   0   1    211   554   557   214   212   555   558   215
                               1403  2143  1413  1401  1406  2146  1416  1405
                               1400  2142  2148  1410
     299   1   1   1   0   1    212   555   558   215   213   556   559   216
                               1406  2146  1416  1405  1409  2147  1419  1407
                               1404  2145  2151  1414
     300   1   1   1   0   1    213   556   559   216   375   395   394   376
                               1409  2147  1419  1407  1799  1838  1801  1798
                               1408  1841  1839  1418
     301   1   1   1   0   1     43   473   472    46   290   502   503   289
                                820  1995   833   817  1606  2042  1604  1603
                                819  1998  1996   832
 
    ELEM MAT TYP REL ESY SEC        NODES
 
     302   1   1   1   0   1     43    46   472   473    44    47   453   454
                                817   833  1995   820   822   837  1956   824
                                816   829  1957  1959
     303   1   1   1   0   1     44    47   453   454    45    48   434   435
                                822   837  1956   824   825   841  1917   828
                                821   834  1918  1920
     304   1   1   1   0   1     45    48   434   435   319   320   414   415
                                825   841  1917   828  1678  1683  1877  1680
                                827   840  1878  1880
     305   1   1   1   0   1     43    46   103   100   290   289   270   271
                                817   831  1025   818  1603  1565  1564  1567
                                819   832  1037  1027
     306   1   1   1   0   1     43   100   103    46    44   101   104    47
                                818  1025   831   817   823  1029   836   822
                                816  1024  1034   829
     307   1   1   1   0   1     44   101   104    47    45   102   105    48
                                823  1029   836   822   826  1031   839   825
                                821  1028  1038   834
     308   1   1   1   0   1     45   102   105    48   319   338   339   320
                                826  1031   839   825  1679  1722  1682  1678
                                827  1033  1043   840
 
    ELEM MAT TYP REL ESY SEC        NODES
 
     309   1   1   1   0   1    100   103   160   157   271   270   251   252
                               1025  1036  1218  1026  1564  1526  1525  1528
                               1027  1037  1230  1220
     310   1   1   1   0   1    100   157   160   103   101   158   161   104
                               1026  1218  1036  1025  1030  1222  1040  1029
                               1024  1217  1227  1034
     311   1   1   1   0   1    101   158   161   104   102   159   162   105
                               1030  1222  1040  1029  1032  1224  1042  1031
                               1028  1221  1231  1038
     312   1   1   1   0   1    102   159   162   105   338   357   358   339
                               1032  1224  1042  1031  1723  1761  1725  1722
                               1033  1226  1236  1043
     313   1   1   1   0   1    157   160   217   214   252   251   232   233
                               1218  1229  1411  1219  1525  1471  1470  1474
                               1220  1230  1422  1412
     314   1   1   1   0   1    157   214   217   160   158   215   218   161
                               1219  1411  1229  1218  1223  1415  1233  1222
                               1217  1410  1420  1227
     315   1   1   1   0   1    158   215   218   161   159   216   219   162
                               1223  1415  1233  1222  1225  1417  1235  1224
                               1221  1414  1424  1231
 
    ELEM MAT TYP REL ESY SEC        NODES
 
     316   1   1   1   0   1    159   216   219   162   357   376   377   358
                               1225  1417  1235  1224  1762  1800  1764  1761
                               1226  1418  1428  1236
     317   1   1   1   0   1    214   217   560   557   233   232   587   586
                               1411  1423  2149  1413  1470  1472  2193  1475
                               1412  1422  2156  2150
     318   1   1   1   0   1    214   557   560   217   215   558   561   218
                               1413  2149  1423  1411  1416  2152  1426  1415
                               1410  2148  2154  1420
     319   1   1   1   0   1    215   558   561   218   216   559   562   219
                               1416  2152  1426  1415  1419  2153  1429  1417
                               1414  2151  2157  1424
     320   1   1   1   0   1    216   559   562   219   376   394   393   377
                               1419  2153  1429  1417  1801  1836  1803  1800
                               1418  1839  1837  1428
     321   1   1   1   0   1     46   472   471    49   289   503   504   288
                                833  1993   846   830  1604  2043  1602  1601
                                832  1996  1994   845
     322   1   1   1   0   1     46    49   471   472    47    50   452   453
                                830   846  1993   833   835   850  1954   837
                                829   842  1955  1957
 
    ELEM MAT TYP REL ESY SEC        NODES
 
     323   1   1   1   0   1     47    50   452   453    48    51   433   434
                                835   850  1954   837   838   854  1915   841
                                834   847  1916  1918
     324   1   1   1   0   1     48    51   433   434   320   321   413   414
                                838   854  1915   841  1681  1686  1875  1683
                                840   853  1876  1878
     325   1   1   1   0   1     46    49   106   103   289   288   269   270
                                830   844  1035   831  1601  1563  1562  1565
                                832   845  1047  1037
     326   1   1   1   0   1     46   103   106    49    47   104   107    50
                                831  1035   844   830   836  1039   849   835
                                829  1034  1044   842
     327   1   1   1   0   1     47   104   107    50    48   105   108    51
                                836  1039   849   835   839  1041   852   838
                                834  1038  1048   847
     328   1   1   1   0   1     48   105   108    51   320   339   340   321
                                839  1041   852   838  1682  1724  1685  1681
                                840  1043  1053   853
     329   1   1   1   0   1    103   106   163   160   270   269   250   251
                               1035  1046  1228  1036  1562  1524  1523  1526
                               1037  1047  1240  1230
 
    ELEM MAT TYP REL ESY SEC        NODES
 
     330   1   1   1   0   1    103   160   163   106   104   161   164   107
                               1036  1228  1046  1035  1040  1232  1050  1039
                               1034  1227  1237  1044
     331   1   1   1   0   1    104   161   164   107   105   162   165   108
                               1040  1232  1050  1039  1042  1234  1052  1041
                               1038  1231  1241  1048
     332   1   1   1   0   1    105   162   165   108   339   358   359   340
                               1042  1234  1052  1041  1725  1763  1727  1724
                               1043  1236  1246  1053
     333   1   1   1   0   1    160   163   220   217   251   250   231   232
                               1228  1239  1421  1229  1523  1468  1467  1471
                               1230  1240  1432  1422
     334   1   1   1   0   1    160   217   220   163   161   218   221   164
                               1229  1421  1239  1228  1233  1425  1243  1232
                               1227  1420  1430  1237
     335   1   1   1   0   1    161   218   221   164   162   219   222   165
                               1233  1425  1243  1232  1235  1427  1245  1234
                               1231  1424  1434  1241
     336   1   1   1   0   1    162   219   222   165   358   377   378   359
                               1235  1427  1245  1234  1764  1802  1766  1763
                               1236  1428  1438  1246
 
    ELEM MAT TYP REL ESY SEC        NODES
 
     337   1   1   1   0   1    217   220   563   560   232   231   588   587
                               1421  1433  2155  1423  1467  1469  2194  1472
                               1422  1432  2162  2156
     338   1   1   1   0   1    217   560   563   220   218   561   564   221
                               1423  2155  1433  1421  1426  2158  1436  1425
                               1420  2154  2160  1430
     339   1   1   1   0   1    218   561   564   221   219   562   565   222
                               1426  2158  1436  1425  1429  2159  1439  1427
                               1424  2157  2163  1434
     340   1   1   1   0   1    219   562   565   222   377   393   392   378
                               1429  2159  1439  1427  1803  1834  1805  1802
                               1428  1837  1835  1438
     341   1   1   1   0   1     49   471   470    52   288   504   505   287
                                846  1991   859   843  1602  2044  1600  1599
                                845  1994  1992   858
     342   1   1   1   0   1     49    52   470   471    50    53   451   452
                                843   859  1991   846   848   863  1952   850
                                842   855  1953  1955
     343   1   1   1   0   1     50    53   451   452    51    54   432   433
                                848   863  1952   850   851   867  1913   854
                                847   860  1914  1916
 
    ELEM MAT TYP REL ESY SEC        NODES
 
     344   1   1   1   0   1     51    54   432   433   321   322   412   413
                                851   867  1913   854  1684  1689  1873  1686
                                853   866  1874  1876
     345   1   1   1   0   1     49    52   109   106   288   287   268   269
                                843   857  1045   844  1599  1561  1560  1563
                                845   858  1057  1047
     346   1   1   1   0   1     49   106   109    52    50   107   110    53
                                844  1045   857   843   849  1049   862   848
                                842  1044  1054   855
     347   1   1   1   0   1     50   107   110    53    51   108   111    54
                                849  1049   862   848   852  1051   865   851
                                847  1048  1058   860
     348   1   1   1   0   1     51   108   111    54   321   340   341   322
                                852  1051   865   851  1685  1726  1688  1684
                                853  1053  1063   866
     349   1   1   1   0   1    106   109   166   163   269   268   249   250
                               1045  1056  1238  1046  1560  1522  1521  1524
                               1047  1057  1250  1240
     350   1   1   1   0   1    106   163   166   109   107   164   167   110
                               1046  1238  1056  1045  1050  1242  1060  1049
                               1044  1237  1247  1054
 
    ELEM MAT TYP REL ESY SEC        NODES
 
     351   1   1   1   0   1    107   164   167   110   108   165   168   111
                               1050  1242  1060  1049  1052  1244  1062  1051
                               1048  1241  1251  1058
     352   1   1   1   0   1    108   165   168   111   340   359   360   341
                               1052  1244  1062  1051  1727  1765  1729  1726
                               1053  1246  1256  1063
     353   1   1   1   0   1    163   166   223   220   250   249   230   231
                               1238  1249  1431  1239  1521  1465  1464  1468
                               1240  1250  1442  1432
     354   1   1   1   0   1    163   220   223   166   164   221   224   167
                               1239  1431  1249  1238  1243  1435  1253  1242
                               1237  1430  1440  1247
     355   1   1   1   0   1    164   221   224   167   165   222   225   168
                               1243  1435  1253  1242  1245  1437  1255  1244
                               1241  1434  1444  1251
     356   1   1   1   0   1    165   222   225   168   359   378   379   360
                               1245  1437  1255  1244  1766  1804  1768  1765
                               1246  1438  1448  1256
     357   1   1   1   0   1    220   223   566   563   231   230   589   588
                               1431  1443  2161  1433  1464  1466  2195  1469
                               1432  1442  2168  2162
 
    ELEM MAT TYP REL ESY SEC        NODES
 
     358   1   1   1   0   1    220   563   566   223   221   564   567   224
                               1433  2161  1443  1431  1436  2164  1446  1435
                               1430  2160  2166  1440
     359   1   1   1   0   1    221   564   567   224   222   565   568   225
                               1436  2164  1446  1435  1439  2165  1449  1437
                               1434  2163  2169  1444
     360   1   1   1   0   1    222   565   568   225   378   392   391   379
                               1439  2165  1449  1437  1805  1832  1807  1804
                               1438  1835  1833  1448
     361   1   1   1   0   1     52   470   469    55   287   505   506   286
                                859  1988   871   856  1600  2045  1597  1596
                                858  1992  1989   870
     362   1   1   1   0   1     52    55   469   470    53    56   450   451
                                856   871  1988   859   861   875  1949   863
                                855   868  1950  1953
     363   1   1   1   0   1     53    56   450   451    54    57   431   432
                                861   875  1949   863   864   879  1910   867
                                860   873  1911  1914
     364   1   1   1   0   1     54    57   431   432   322   323   411   412
                                864   879  1910   867  1687  1692  1871  1689
                                866   878  1872  1874
 
    ELEM MAT TYP REL ESY SEC        NODES
 
     365   1   1   1   0   1     52    55   112   109   287   286   267   268
                                856   869  1055   857  1596  1558  1557  1561
                                858   870  1066  1057
     366   1   1   1   0   1     52   109   112    55    53   110   113    56
                                857  1055   869   856   862  1059   874   861
                                855  1054  1064   868
     367   1   1   1   0   1     53   110   113    56    54   111   114    57
                                862  1059   874   861   865  1061   877   864
                                860  1058  1068   873
     368   1   1   1   0   1     54   111   114    57   322   341   342   323
                                865  1061   877   864  1688  1728  1690  1687
                                866  1063  1072   878
     369   1   1   1   0   1    109   112   169   166   268   267   248   249
                               1055  1065  1248  1056  1557  1519  1518  1522
                               1057  1066  1259  1250
     370   1   1   1   0   1    109   166   169   112   110   167   170   113
                               1056  1248  1065  1055  1060  1252  1069  1059
                               1054  1247  1257  1064
     371   1   1   1   0   1    110   167   170   113   111   168   171   114
                               1060  1252  1069  1059  1062  1254  1071  1061
                               1058  1251  1261  1068
 
    ELEM MAT TYP REL ESY SEC        NODES
 
     372   1   1   1   0   1    111   168   171   114   341   360   361   342
                               1062  1254  1071  1061  1729  1767  1730  1728
                               1063  1256  1265  1072
     373   1   1   1   0   1    166   169   226   223   249   248   229   230
                               1248  1258  1441  1249  1518  1461  1460  1465
                               1250  1259  1451  1442
     374   1   1   1   0   1    166   223   226   169   167   224   227   170
                               1249  1441  1258  1248  1253  1445  1262  1252
                               1247  1440  1450  1257
     375   1   1   1   0   1    167   224   227   170   168   225   228   171
                               1253  1445  1262  1252  1255  1447  1264  1254
                               1251  1444  1454  1261
     376   1   1   1   0   1    168   225   228   171   360   379   380   361
                               1255  1447  1264  1254  1768  1806  1769  1767
                               1256  1448  1457  1265
     377   1   1   1   0   1    223   226   569   566   230   229   590   589
                               1441  1452  2167  1443  1460  1462  2196  1466
                               1442  1451  2173  2168
     378   1   1   1   0   1    223   566   569   226   224   567   570   227
                               1443  2167  1452  1441  1446  2170  1455  1445
                               1440  2166  2172  1450
 
    ELEM MAT TYP REL ESY SEC        NODES
 
     379   1   1   1   0   1    224   567   570   227   225   568   571   228
                               1446  2170  1455  1445  1449  2171  1458  1447
                               1444  2169  2175  1454
     380   1   1   1   0   1    225   568   571   228   379   391   390   380
                               1449  2171  1458  1447  1807  1830  1809  1806
                               1448  1833  1831  1457
     381   1   1   1   0   1     55   469   508   626   286   506   507   627
                                871  1990  2050   872  1597  2046  2048  1598
                                870  1989  2047  2256
     382   1   1   1   0   1     55   626   508   469    56   622   509   450
                                872  2050  1990   871   876  2052  1951   875
                                868  2249  2049  1950
     383   1   1   1   0   1     56   622   509   450    57   618   510   431
                                876  2052  1951   875   880  2053  1912   879
                                873  2242  2051  1911
     384   1   1   1   0   1     57   618   510   431   323   381   410   411
                                880  2053  1912   879  1691  1811  1869  1692
                                878  1812  1870  1872
     385   1   1   1   0   1     55   626   625   112   286   627   628   267
                                872  2254  1067   869  1598  2257  1559  1558
                                870  2256  2255  1066
 
    ELEM MAT TYP REL ESY SEC        NODES
 
     386   1   1   1   0   1     55   112   625   626    56   113   621   622
                                869  1067  2254   872   874  1070  2247   876
                                868  1064  2248  2249
     387   1   1   1   0   1     56   113   621   622    57   114   617   618
                                874  1070  2247   876   877  1073  2240   880
                                873  1068  2241  2242
     388   1   1   1   0   1     57   114   617   618   323   342   382   381
                                877  1073  2240   880  1690  1731  1810  1691
                                878  1072  1814  1812
     389   1   1   1   0   1    112   625   624   169   267   628   629   248
                               1067  2252  1260  1065  1559  2258  1520  1519
                               1066  2255  2253  1259
     390   1   1   1   0   1    112   169   624   625   113   170   620   621
                               1065  1260  2252  1067  1069  1263  2245  1070
                               1064  1257  2246  2248
     391   1   1   1   0   1    113   170   620   621   114   171   616   617
                               1069  1263  2245  1070  1071  1266  2238  1073
                               1068  1261  2239  2241
     392   1   1   1   0   1    114   171   616   617   342   361   383   382
                               1071  1266  2238  1073  1730  1770  1813  1731
                               1072  1265  1816  1814
 
    ELEM MAT TYP REL ESY SEC        NODES
 
     393   1   1   1   0   1    169   624   623   226   248   629   630   229
                               1260  2250  1453  1258  1520  2259  1463  1461
                               1259  2253  2251  1451
     394   1   1   1   0   1    169   226   623   624   170   227   619   620
                               1258  1453  2250  1260  1262  1456  2243  1263
                               1257  1450  2244  2246
     395   1   1   1   0   1    170   227   619   620   171   228   615   616
                               1262  1456  2243  1263  1264  1459  2236  1266
                               1261  1454  2237  2239
     396   1   1   1   0   1    171   228   615   616   361   380   384   383
                               1264  1459  2236  1266  1769  1808  1815  1770
                               1265  1457  1818  1816
     397   1   1   1   0   1    226   623   593   569   229   630   594   590
                               1453  2203  2174  1452  1463  2204  2197  1462
                               1451  2251  2202  2173
     398   1   1   1   0   1    226   569   593   623   227   570   592   619
                               1452  2174  2203  1453  1455  2176  2201  1456
                               1450  2172  2200  2244
     399   1   1   1   0   1    227   570   592   619   228   571   591   615
                               1455  2176  2201  1456  1458  2177  2199  1459
                               1454  2175  2198  2237
 
    ELEM MAT TYP REL ESY SEC        NODES
 
     400   1   1   1   0   1    228   571   591   615   380   390   389   384
                               1458  2177  2199  1459  1809  1828  1817  1808
                               1457  1831  1829  1818
     801   2   2   2  12   2    591   615   384   389  2199  1818  1817  1829
     802   2   2   2  12   2    592   619   615   591  2201  2237  2199  2198
     803   2   2   2  12   2    593   623   619   592  2203  2244  2201  2200
     804   2   2   2  12   2    594   630   623   593  2204  2251  2203  2202
     805   2   2   2  12   2    615   616   383   384  2236  1816  1815  1818
     806   2   2   2  12   2    619   620   616   615  2243  2239  2236  2237
     807   2   2   2  12   2    623   624   620   619  2250  2246  2243  2244
     808   2   2   2  12   2    630   629   624   623  2259  2253  2250  2251
     809   2   2   2  12   2    616   617   382   383  2238  1814  1813  1816
     810   2   2   2  12   2    620   621   617   616  2245  2241  2238  2239
     811   2   2   2  12   2    624   625   621   620  2252  2248  2245  2246
     812   2   2   2  12   2    629   628   625   624  2258  2255  2252  2253
     813   2   2   2  12   2    617   618   381   382  2240  1812  1810  1814
     814   2   2   2  12   2    621   622   618   617  2247  2242  2240  2241
     815   2   2   2  12   2    625   626   622   621  2254  2249  2247  2248
     816   2   2   2  12   2    628   627   626   625  2257  2256  2254  2255
     817   2   2   2  12   2    618   510   410   381  2053  1870  1811  1812
 
    ELEM MAT TYP REL ESY SEC        NODES
 
     818   2   2   2  12   2    622   509   510   618  2052  2051  2053  2242
     819   2   2   2  12   2    626   508   509   622  2050  2049  2052  2249
     820   2   2   2  12   2    627   507   508   626  2048  2047  2050  2256

