Node Number	X Location (mm)	Y Location (mm)	Z Location (mm)	Normal Stress (MPa)
1	15.	5.	95.	-1.4433
2	10.	5.	95.	-2.003
3	5.	5.	95.	-1.4433
4	15.	5.	90.	-5.4436e-003
5	10.	5.	90.	-0.16979
6	5.	5.	90.	-5.4437e-003
7	15.	5.	85.	-1.1783e-003
8	10.	5.	85.	-1.8894e-003
9	5.	5.	85.	-1.1783e-003
10	15.	5.	80.	2.2074e-002
11	10.	5.	80.	3.6402e-002
12	5.	5.	80.	2.2074e-002
13	15.	5.	75.	7.1385e-003
14	10.	5.	75.	1.491e-002
15	5.	5.	75.	7.1385e-003
16	15.	5.	70.	2.8295e-003
17	10.	5.	70.	5.5379e-003
18	5.	5.	70.	2.8294e-003
19	15.	5.	65.	6.8667e-004
20	10.	5.	65.	1.5375e-003
21	5.	5.	65.	6.8674e-004
22	15.	5.	60.	1.4146e-004
23	10.	5.	60.	3.0646e-004
24	5.	5.	60.	1.4147e-004
25	15.	5.	55.	5.725e-006
26	10.	5.	55.	2.7601e-005
27	5.	5.	55.	5.7518e-006
28	15.	5.	50.	-1.1162e-005
29	10.	5.	50.	-2.0393e-005
30	5.	5.	50.	-1.1196e-005
31	15.	5.	45.	-1.0248e-005
32	10.	5.	45.	-2.0713e-005
33	5.	5.	45.	-1.028e-005
34	15.	5.	40.	-1.1751e-005
35	10.	5.	40.	-1.9333e-005
36	5.	5.	40.	-1.1681e-005
37	15.	5.	35.	3.2053e-006
38	10.	5.	35.	7.4002e-006
39	5.	5.	35.	3.1852e-006
40	15.	5.	30.	6.4318e-005
41	10.	5.	30.	1.8236e-004
42	5.	5.	30.	6.4332e-005
43	15.	5.	25.	3.4761e-004
44	10.	5.	25.	7.4767e-004
45	5.	5.	25.	3.4761e-004
46	15.	5.	20.	8.8249e-004
47	10.	5.	20.	2.1566e-003
48	5.	5.	20.	8.8248e-004
49	15.	5.	15.	8.4032e-004
50	10.	5.	15.	2.8644e-003
51	5.	5.	15.	8.4028e-004
52	15.	5.	10.	2.5895e-003
53	10.	5.	10.	3.9875e-003
54	5.	5.	10.	2.5895e-003
55	15.	5.	5.	1.0682e-002
56	10.	5.	5.	2.9819e-002
57	5.	5.	5.	1.0682e-002
58	15.	10.	95.	-0.43052
59	10.	10.	95.	-0.63021
60	5.	10.	95.	-0.43052
61	15.	10.	90.	3.5722e-002
62	10.	10.	90.	-2.5719e-002
63	5.	10.	90.	3.5722e-002
64	15.	10.	85.	-3.6321e-004
65	10.	10.	85.	2.759e-003
66	5.	10.	85.	-3.6309e-004
67	15.	10.	80.	1.0465e-002
68	10.	10.	80.	1.5752e-002
69	5.	10.	80.	1.0465e-002
70	15.	10.	75.	2.9862e-003
71	10.	10.	75.	6.4203e-003
72	5.	10.	75.	2.9862e-003
73	15.	10.	70.	1.1633e-003
74	10.	10.	70.	2.1037e-003
75	5.	10.	70.	1.1633e-003
76	15.	10.	65.	2.6024e-004
77	10.	10.	65.	6.3123e-004
78	5.	10.	65.	2.6029e-004
79	15.	10.	60.	5.3631e-005
80	10.	10.	60.	1.0403e-004
81	5.	10.	60.	5.3659e-005
82	15.	10.	55.	-3.8314e-007
83	10.	10.	55.	1.2902e-005
84	5.	10.	55.	-3.664e-007
85	15.	10.	50.	-4.183e-006
86	10.	10.	50.	-8.7953e-006
87	5.	10.	50.	-4.2251e-006
88	15.	10.	45.	-4.5615e-006
89	10.	10.	45.	-7.5482e-006
90	5.	10.	45.	-4.581e-006
91	15.	10.	40.	-5.5103e-006
92	10.	10.	40.	-1.0614e-005
93	5.	10.	40.	-5.4689e-006
94	15.	10.	35.	-8.3079e-006
95	10.	10.	35.	-5.5784e-006
96	5.	10.	35.	-8.3167e-006
97	15.	10.	30.	-4.9603e-006
98	10.	10.	30.	3.635e-006
99	5.	10.	30.	-4.9862e-006
100	15.	10.	25.	1.7989e-005
101	10.	10.	25.	1.3015e-004
102	5.	10.	25.	1.7918e-005
103	15.	10.	20.	6.5696e-005
104	10.	10.	20.	1.7013e-004
105	5.	10.	20.	6.5669e-005
106	15.	10.	15.	1.9672e-004
107	10.	10.	15.	5.8598e-004
108	5.	10.	15.	1.9673e-004
109	15.	10.	10.	1.51e-003
110	10.	10.	10.	2.4913e-003
111	5.	10.	10.	1.51e-003
112	15.	10.	5.	7.1331e-003
113	10.	10.	5.	1.875e-002
114	5.	10.	5.	7.1331e-003
115	15.	15.	95.	0.43052
116	10.	15.	95.	0.63021
117	5.	15.	95.	0.43052
118	15.	15.	90.	-3.5722e-002
119	10.	15.	90.	2.5719e-002
120	5.	15.	90.	-3.5722e-002
121	15.	15.	85.	3.6312e-004
122	10.	15.	85.	-2.759e-003
123	5.	15.	85.	3.6315e-004
124	15.	15.	80.	-1.0465e-002
125	10.	15.	80.	-1.5752e-002
126	5.	15.	80.	-1.0465e-002
127	15.	15.	75.	-2.9863e-003
128	10.	15.	75.	-6.4203e-003
129	5.	15.	75.	-2.9862e-003
130	15.	15.	70.	-1.1632e-003
131	10.	15.	70.	-2.1037e-003
132	5.	15.	70.	-1.1633e-003
133	15.	15.	65.	-2.602e-004
134	10.	15.	65.	-6.3119e-004
135	5.	15.	65.	-2.6024e-004
136	15.	15.	60.	-5.3726e-005
137	10.	15.	60.	-1.0399e-004
138	5.	15.	60.	-5.3698e-005
139	15.	15.	55.	3.5852e-007
140	10.	15.	55.	-1.2996e-005
141	5.	15.	55.	3.8258e-007
142	15.	15.	50.	4.2244e-006
143	10.	15.	50.	8.7525e-006
144	5.	15.	50.	4.1984e-006
145	15.	15.	45.	4.6205e-006
146	10.	15.	45.	7.6051e-006
147	5.	15.	45.	4.5348e-006
148	15.	15.	40.	5.5087e-006
149	10.	15.	40.	1.0592e-005
150	5.	15.	40.	5.5186e-006
151	15.	15.	35.	8.2281e-006
152	10.	15.	35.	5.6708e-006
153	5.	15.	35.	8.2792e-006
154	15.	15.	30.	4.9606e-006
155	10.	15.	30.	-3.6585e-006
156	5.	15.	30.	4.9607e-006
157	15.	15.	25.	-1.7872e-005
158	10.	15.	25.	-1.3024e-004
159	5.	15.	25.	-1.7971e-005
160	15.	15.	20.	-6.5703e-005
161	10.	15.	20.	-1.7008e-004
162	5.	15.	20.	-6.5743e-005
163	15.	15.	15.	-1.9667e-004
164	10.	15.	15.	-5.8597e-004
165	5.	15.	15.	-1.9664e-004
166	15.	15.	10.	-1.5099e-003
167	10.	15.	10.	-2.4913e-003
168	5.	15.	10.	-1.51e-003
169	15.	15.	5.	-7.1332e-003
170	10.	15.	5.	-1.875e-002
171	5.	15.	5.	-7.1332e-003
172	15.	20.	95.	1.4433
173	10.	20.	95.	2.003
174	5.	20.	95.	1.4433
175	15.	20.	90.	5.4438e-003
176	10.	20.	90.	0.16979
177	5.	20.	90.	5.4438e-003
178	15.	20.	85.	1.1784e-003
179	10.	20.	85.	1.8895e-003
180	5.	20.	85.	1.1784e-003
181	15.	20.	80.	-2.2074e-002
182	10.	20.	80.	-3.6402e-002
183	5.	20.	80.	-2.2074e-002
184	15.	20.	75.	-7.1385e-003
185	10.	20.	75.	-1.491e-002
186	5.	20.	75.	-7.1384e-003
187	15.	20.	70.	-2.8295e-003
188	10.	20.	70.	-5.5378e-003
189	5.	20.	70.	-2.8294e-003
190	15.	20.	65.	-6.8664e-004
191	10.	20.	65.	-1.5375e-003
192	5.	20.	65.	-6.8671e-004
193	15.	20.	60.	-1.4148e-004
194	10.	20.	60.	-3.0648e-004
195	5.	20.	60.	-1.4147e-004
196	15.	20.	55.	-5.7166e-006
197	10.	20.	55.	-2.7622e-005
198	5.	20.	55.	-5.8307e-006
199	15.	20.	50.	1.1239e-005
200	10.	20.	50.	2.0417e-005
201	5.	20.	50.	1.1213e-005
202	15.	20.	45.	1.0295e-005
203	10.	20.	45.	2.0789e-005
204	5.	20.	45.	1.0357e-005
205	15.	20.	40.	1.1764e-005
206	10.	20.	40.	1.9332e-005
207	5.	20.	40.	1.1667e-005
208	15.	20.	35.	-3.2126e-006
209	10.	20.	35.	-7.4586e-006
210	5.	20.	35.	-3.2195e-006
211	15.	20.	30.	-6.4356e-005
212	10.	20.	30.	-1.8236e-004
213	5.	20.	30.	-6.4368e-005
214	15.	20.	25.	-3.4761e-004
215	10.	20.	25.	-7.4772e-004
216	5.	20.	25.	-3.476e-004
217	15.	20.	20.	-8.8252e-004
218	10.	20.	20.	-2.1565e-003
219	5.	20.	20.	-8.8244e-004
220	15.	20.	15.	-8.4031e-004
221	10.	20.	15.	-2.8644e-003
222	5.	20.	15.	-8.4036e-004
223	15.	20.	10.	-2.5895e-003
224	10.	20.	10.	-3.9875e-003
225	5.	20.	10.	-2.5895e-003
226	15.	20.	5.	-1.0682e-002
227	10.	20.	5.	-2.9819e-002
228	5.	20.	5.	-1.0682e-002
229	20.	20.	5.	2.7e-003
230	20.	20.	10.	-2.3179e-003
231	20.	20.	15.	5.9625e-004
232	20.	20.	20.	1.2857e-004
233	20.	20.	25.	1.1467e-004
234	20.	20.	30.	1.1652e-005
235	20.	20.	35.	5.0784e-006
236	20.	20.	40.	-2.7565e-006
237	20.	20.	45.	-5.4011e-007
238	20.	20.	50.	-3.3784e-006
239	20.	20.	55.	7.256e-006
240	20.	20.	60.	3.6545e-005
241	20.	20.	65.	5.8136e-005
242	20.	20.	70.	1.0378e-003
243	20.	20.	75.	-1.6235e-003
244	20.	20.	80.	1.5003e-002
245	20.	20.	85.	-5.3619e-002
246	20.	20.	90.	9.1813e-002
247	20.	20.	95.	-1.2002
248	20.	15.	5.	4.2605e-003
249	20.	15.	10.	-4.2358e-004
250	20.	15.	15.	-3.1095e-004
251	20.	15.	20.	3.05e-004
252	20.	15.	25.	3.0614e-005
253	20.	15.	30.	3.3878e-005
254	20.	15.	35.	-7.4711e-007
255	20.	15.	40.	9.3177e-007
256	20.	15.	45.	-1.0767e-006
257	20.	15.	50.	-4.9053e-008
258	20.	15.	55.	-4.4842e-007
259	20.	15.	60.	2.6047e-005
260	20.	15.	65.	-1.4835e-005
261	20.	15.	70.	4.7755e-004
262	20.	15.	75.	-8.607e-004
263	20.	15.	80.	5.3919e-003
264	20.	15.	85.	-1.7399e-002
265	20.	15.	90.	1.0334e-002
266	20.	15.	95.	-0.42735
267	20.	10.	5.	-4.2605e-003
268	20.	10.	10.	4.2355e-004
269	20.	10.	15.	3.1088e-004
270	20.	10.	20.	-3.0491e-004
271	20.	10.	25.	-3.0623e-005
272	20.	10.	30.	-3.3805e-005
273	20.	10.	35.	7.0909e-007
274	20.	10.	40.	-8.8393e-007
275	20.	10.	45.	1.1056e-006
276	20.	10.	50.	2.7359e-008
277	20.	10.	55.	4.118e-007
278	20.	10.	60.	-2.5994e-005
279	20.	10.	65.	1.4864e-005
280	20.	10.	70.	-4.7751e-004
281	20.	10.	75.	8.6076e-004
282	20.	10.	80.	-5.3921e-003
283	20.	10.	85.	1.7399e-002
284	20.	10.	90.	-1.0334e-002
285	20.	10.	95.	0.42735
286	20.	5.	5.	-2.7e-003
287	20.	5.	10.	2.3179e-003
288	20.	5.	15.	-5.9617e-004
289	20.	5.	20.	-1.2859e-004
290	20.	5.	25.	-1.1463e-004
291	20.	5.	30.	-1.169e-005
292	20.	5.	35.	-5.0137e-006
293	20.	5.	40.	2.8557e-006
294	20.	5.	45.	5.0098e-007
295	20.	5.	50.	3.1251e-006
296	20.	5.	55.	-7.1501e-006
297	20.	5.	60.	-3.6405e-005
298	20.	5.	65.	-5.8126e-005
299	20.	5.	70.	-1.0378e-003
300	20.	5.	75.	1.6234e-003
301	20.	5.	80.	-1.5003e-002
302	20.	5.	85.	5.3619e-002
303	20.	5.	90.	-9.1813e-002
304	20.	5.	95.	1.2002
305	0.	5.	95.	1.2002
306	0.	5.	90.	-9.1813e-002
307	0.	5.	85.	5.3619e-002
308	0.	5.	80.	-1.5003e-002
309	0.	5.	75.	1.6234e-003
310	0.	5.	70.	-1.0377e-003
311	0.	5.	65.	-5.8053e-005
312	0.	5.	60.	-3.6662e-005
313	0.	5.	55.	-7.0681e-006
314	0.	5.	50.	3.2218e-006
315	0.	5.	45.	5.538e-007
316	0.	5.	40.	2.8542e-006
317	0.	5.	35.	-5.181e-006
318	0.	5.	30.	-1.1632e-005
319	0.	5.	25.	-1.1465e-004
320	0.	5.	20.	-1.2852e-004
321	0.	5.	15.	-5.962e-004
322	0.	5.	10.	2.3178e-003
323	0.	5.	5.	-2.7e-003
324	0.	10.	95.	0.42735
325	0.	10.	90.	-1.0334e-002
326	0.	10.	85.	1.7399e-002
327	0.	10.	80.	-5.392e-003
328	0.	10.	75.	8.6073e-004
329	0.	10.	70.	-4.775e-004
330	0.	10.	65.	1.4854e-005
331	0.	10.	60.	-2.5917e-005
332	0.	10.	55.	3.5953e-007
333	0.	10.	50.	-5.0564e-008
334	0.	10.	45.	1.1134e-006
335	0.	10.	40.	-9.7734e-007
336	0.	10.	35.	8.4728e-007
337	0.	10.	30.	-3.3914e-005
338	0.	10.	25.	-3.0622e-005
339	0.	10.	20.	-3.0495e-004
340	0.	10.	15.	3.1082e-004
341	0.	10.	10.	4.2365e-004
342	0.	10.	5.	-4.2606e-003
343	0.	15.	95.	-0.42735
344	0.	15.	90.	1.0334e-002
345	0.	15.	85.	-1.7399e-002
346	0.	15.	80.	5.3919e-003
347	0.	15.	75.	-8.608e-004
348	0.	15.	70.	4.7757e-004
349	0.	15.	65.	-1.4849e-005
350	0.	15.	60.	2.6002e-005
351	0.	15.	55.	-5.0506e-007
352	0.	15.	50.	-6.8671e-008
353	0.	15.	45.	-1.0527e-006
354	0.	15.	40.	8.8192e-007
355	0.	15.	35.	-7.6587e-007
356	0.	15.	30.	3.3813e-005
357	0.	15.	25.	3.0704e-005
358	0.	15.	20.	3.0508e-004
359	0.	15.	15.	-3.1099e-004
360	0.	15.	10.	-4.2365e-004
361	0.	15.	5.	4.2606e-003
362	0.	20.	95.	-1.2002
363	0.	20.	90.	9.1813e-002
364	0.	20.	85.	-5.3619e-002
365	0.	20.	80.	1.5003e-002
366	0.	20.	75.	-1.6235e-003
367	0.	20.	70.	1.0378e-003
368	0.	20.	65.	5.8014e-005
369	0.	20.	60.	3.6451e-005
370	0.	20.	55.	7.3915e-006
371	0.	20.	50.	-3.3035e-006
372	0.	20.	45.	-5.6483e-007
373	0.	20.	40.	-2.8792e-006
374	0.	20.	35.	5.0808e-006
375	0.	20.	30.	1.1724e-005
376	0.	20.	25.	1.1454e-004
377	0.	20.	20.	1.2853e-004
378	0.	20.	15.	5.9624e-004
379	0.	20.	10.	-2.3178e-003
380	0.	20.	5.	2.7e-003
381	0.	5.	0.	-1.0933e-002
382	0.	10.	0.	1.8184e-002
383	0.	15.	0.	-1.8184e-002
384	0.	20.	0.	1.0933e-002
385	0.	5.	100.	-5.3561
386	0.	10.	100.	-1.9279
387	0.	15.	100.	1.9279
388	0.	20.	100.	5.3561
389	0.	25.	0.	7.9911e-003
390	0.	25.	5.	-3.8576e-003
391	0.	25.	10.	2.2414e-002
392	0.	25.	15.	-4.0473e-003
393	0.	25.	20.	1.4226e-003
394	0.	25.	25.	-2.5483e-004
395	0.	25.	30.	1.1103e-004
396	0.	25.	35.	-1.4724e-005
397	0.	25.	40.	5.2122e-006
398	0.	25.	45.	-2.2496e-006
399	0.	25.	50.	-1.3247e-006
400	0.	25.	55.	6.1465e-006
401	0.	25.	60.	6.5131e-005
402	0.	25.	65.	-1.0763e-005
403	0.	25.	70.	1.6146e-003
404	0.	25.	75.	-4.4376e-003
405	0.	25.	80.	2.5545e-002
406	0.	25.	85.	-0.12689
407	0.	25.	90.	0.17595
408	0.	25.	95.	-2.5469
409	0.	25.	100.	10.968
410	0.	0.	0.	-7.991e-003
411	0.	0.	5.	3.8576e-003
412	0.	0.	10.	-2.2415e-002
413	0.	0.	15.	4.0474e-003
414	0.	0.	20.	-1.4227e-003
415	0.	0.	25.	2.5482e-004
416	0.	0.	30.	-1.1105e-004
417	0.	0.	35.	1.4814e-005
418	0.	0.	40.	-5.0611e-006
419	0.	0.	45.	2.1381e-006
420	0.	0.	50.	1.3226e-006
421	0.	0.	55.	-6.2491e-006
422	0.	0.	60.	-6.4941e-005
423	0.	0.	65.	1.104e-005
424	0.	0.	70.	-1.6145e-003
425	0.	0.	75.	4.4378e-003
426	0.	0.	80.	-2.5545e-002
427	0.	0.	85.	0.12689
428	0.	0.	90.	-0.17595
429	0.	0.	95.	2.5469
430	0.	0.	100.	-10.968
431	5.	0.	5.	-0.14053
432	5.	0.	10.	1.1143e-003
433	5.	0.	15.	8.0423e-003
434	5.	0.	20.	3.9097e-003
435	5.	0.	25.	1.1302e-003
436	5.	0.	30.	2.6633e-004
437	5.	0.	35.	2.3663e-005
438	5.	0.	40.	-1.1144e-005
439	5.	0.	45.	-1.5249e-005
440	5.	0.	50.	-1.6597e-005
441	5.	0.	55.	8.9576e-006
442	5.	0.	60.	1.9099e-004
443	5.	0.	65.	9.4467e-004
444	5.	0.	70.	3.3878e-003
445	5.	0.	75.	9.3646e-003
446	5.	0.	80.	1.6345e-002
447	5.	0.	85.	1.2746e-002
448	5.	0.	90.	-0.11136
449	5.	0.	95.	-0.909
450	10.	0.	5.	-0.193
451	10.	0.	10.	-1.0333e-002
452	10.	0.	15.	1.2267e-002
453	10.	0.	20.	6.4273e-003
454	10.	0.	25.	2.2572e-003
455	10.	0.	30.	5.2888e-004
456	10.	0.	35.	8.3843e-005
457	10.	0.	40.	-1.6543e-005
458	10.	0.	45.	-2.4493e-005
459	10.	0.	50.	-2.8311e-005
460	10.	0.	55.	6.0561e-005
461	10.	0.	60.	3.8862e-004
462	10.	0.	65.	2.1727e-003
463	10.	0.	70.	6.1143e-003
464	10.	0.	75.	1.8413e-002
465	10.	0.	80.	2.3448e-002
466	10.	0.	85.	-8.0359e-003
467	10.	0.	90.	-0.38146
468	10.	0.	95.	-1.6622
469	15.	0.	5.	-0.14053
470	15.	0.	10.	1.1142e-003
471	15.	0.	15.	8.0421e-003
472	15.	0.	20.	3.9096e-003
473	15.	0.	25.	1.1303e-003
474	15.	0.	30.	2.6637e-004
475	15.	0.	35.	2.3455e-005
476	15.	0.	40.	-1.1115e-005
477	15.	0.	45.	-1.5187e-005
478	15.	0.	50.	-1.6554e-005
479	15.	0.	55.	8.9565e-006
480	15.	0.	60.	1.9069e-004
481	15.	0.	65.	9.4469e-004
482	15.	0.	70.	3.3877e-003
483	15.	0.	75.	9.3646e-003
484	15.	0.	80.	1.6345e-002
485	15.	0.	85.	1.2746e-002
486	15.	0.	90.	-0.11137
487	15.	0.	95.	-0.909
488	20.	0.	95.	2.5469
489	20.	0.	90.	-0.17595
490	20.	0.	85.	0.12689
491	20.	0.	80.	-2.5545e-002
492	20.	0.	75.	4.438e-003
493	20.	0.	70.	-1.6145e-003
494	20.	0.	65.	1.1141e-005
495	20.	0.	60.	-6.5324e-005
496	20.	0.	55.	-6.2518e-006
497	20.	0.	50.	1.5366e-006
498	20.	0.	45.	2.212e-006
499	20.	0.	40.	-5.014e-006
500	20.	0.	35.	1.4622e-005
501	20.	0.	30.	-1.1107e-004
502	20.	0.	25.	2.5499e-004
503	20.	0.	20.	-1.4226e-003
504	20.	0.	15.	4.0472e-003
505	20.	0.	10.	-2.2415e-002
506	20.	0.	5.	3.8578e-003
507	20.	0.	0.	-7.9909e-003
508	15.	0.	0.	3.0357e-002
509	10.	0.	0.	9.4953e-002
510	5.	0.	0.	3.0357e-002
511	20.	0.	100.	-10.968
512	15.	0.	100.	-9.4595
513	10.	0.	100.	-11.262
514	5.	0.	100.	-9.4595
515	15.	25.	95.	0.909
516	10.	25.	95.	1.6622
517	5.	25.	95.	0.909
518	15.	25.	90.	0.11136
519	10.	25.	90.	0.38146
520	5.	25.	90.	0.11136
521	15.	25.	85.	-1.2746e-002
522	10.	25.	85.	8.036e-003
523	5.	25.	85.	-1.2746e-002
524	15.	25.	80.	-1.6345e-002
525	10.	25.	80.	-2.3448e-002
526	5.	25.	80.	-1.6345e-002
527	15.	25.	75.	-9.3645e-003
528	10.	25.	75.	-1.8413e-002
529	5.	25.	75.	-9.3645e-003
530	15.	25.	70.	-3.3877e-003
531	10.	25.	70.	-6.1144e-003
532	5.	25.	70.	-3.3875e-003
533	15.	25.	65.	-9.4458e-004
534	10.	25.	65.	-2.1726e-003
535	5.	25.	65.	-9.4457e-004
536	15.	25.	60.	-1.9065e-004
537	10.	25.	60.	-3.8873e-004
538	5.	25.	60.	-1.9083e-004
539	15.	25.	55.	-9.1026e-006
540	10.	25.	55.	-6.0766e-005
541	5.	25.	55.	-8.9334e-006
542	15.	25.	50.	1.658e-005
543	10.	25.	50.	2.8274e-005
544	5.	25.	50.	1.6582e-005
545	15.	25.	45.	1.5374e-005
546	10.	25.	45.	2.4477e-005
547	5.	25.	45.	1.5361e-005
548	15.	25.	40.	1.1254e-005
549	10.	25.	40.	1.6601e-005
550	5.	25.	40.	1.1256e-005
551	15.	25.	35.	-2.3559e-005
552	10.	25.	35.	-8.3854e-005
553	5.	25.	35.	-2.3576e-005
554	15.	25.	30.	-2.664e-004
555	10.	25.	30.	-5.29e-004
556	5.	25.	30.	-2.6634e-004
557	15.	25.	25.	-1.1303e-003
558	10.	25.	25.	-2.2572e-003
559	5.	25.	25.	-1.1303e-003
560	15.	25.	20.	-3.9098e-003
561	10.	25.	20.	-6.4273e-003
562	5.	25.	20.	-3.9096e-003
563	15.	25.	15.	-8.0422e-003
564	10.	25.	15.	-1.2267e-002
565	5.	25.	15.	-8.0423e-003
566	15.	25.	10.	-1.1142e-003
567	10.	25.	10.	1.0333e-002
568	5.	25.	10.	-1.1144e-003
569	15.	25.	5.	0.14053
570	10.	25.	5.	0.193
571	5.	25.	5.	0.14053
572	20.	25.	95.	-2.5469
573	20.	25.	90.	0.17595
574	20.	25.	85.	-0.12689
575	20.	25.	80.	2.5545e-002
576	20.	25.	75.	-4.4377e-003
577	20.	25.	70.	1.6147e-003
578	20.	25.	65.	-1.1282e-005
579	20.	25.	60.	6.5324e-005
580	20.	25.	55.	6.0254e-006
581	20.	25.	50.	-1.3139e-006
582	20.	25.	45.	-2.0475e-006
583	20.	25.	40.	5.0316e-006
584	20.	25.	35.	-1.4627e-005
585	20.	25.	30.	1.1091e-004
586	20.	25.	25.	-2.5475e-004
587	20.	25.	20.	1.4228e-003
588	20.	25.	15.	-4.0475e-003
589	20.	25.	10.	2.2415e-002
590	20.	25.	5.	-3.8575e-003
591	5.	25.	0.	-3.0357e-002
592	10.	25.	0.	-9.4953e-002
593	15.	25.	0.	-3.0357e-002
594	20.	25.	0.	7.9909e-003
595	5.	25.	100.	9.4595
596	10.	25.	100.	11.262
597	15.	25.	100.	9.4595
598	20.	25.	100.	10.968
599	15.	5.	100.	-3.6399
600	10.	5.	100.	-4.5132
601	5.	5.	100.	-3.6399
602	15.	10.	100.	-1.4308
603	10.	10.	100.	-1.7753
604	5.	10.	100.	-1.4308
605	15.	15.	100.	1.4308
606	10.	15.	100.	1.7753
607	5.	15.	100.	1.4308
608	15.	20.	100.	3.6399
609	10.	20.	100.	4.5132
610	5.	20.	100.	3.6399
611	20.	5.	100.	-5.3561
612	20.	10.	100.	-1.9279
613	20.	15.	100.	1.9279
614	20.	20.	100.	5.3561
615	5.	20.	0.	-0.29046
616	5.	15.	0.	-6.2452e-002
617	5.	10.	0.	6.2452e-002
618	5.	5.	0.	0.29046
619	10.	20.	0.	-0.42283
620	10.	15.	0.	-0.1165
621	10.	10.	0.	0.1165
622	10.	5.	0.	0.42283
623	15.	20.	0.	-0.29046
624	15.	15.	0.	-6.2452e-002
625	15.	10.	0.	6.2451e-002
626	15.	5.	0.	0.29046
627	20.	5.	0.	-1.0933e-002
628	20.	10.	0.	1.8184e-002
629	20.	15.	0.	-1.8184e-002
630	20.	20.	0.	1.0933e-002
631	12.5	5.	95.	-1.7231
632	15.	5.	92.5	-0.72436
633	15.	7.5	95.	-0.93689
634	17.5	5.	95.	-0.12154
635	15.	2.5	95.	-1.1761
636	15.	5.	97.5	-2.5416
637	7.5	5.	95.	-1.7231
638	10.	5.	92.5	-1.0864
639	10.	7.5	95.	-1.3166
640	10.	2.5	95.	-1.8326
641	10.	5.	97.5	-3.2581
642	5.	5.	92.5	-0.72436
643	5.	7.5	95.	-0.93689
644	2.5	5.	95.	-0.12154
645	5.	2.5	95.	-1.1761
646	5.	5.	97.5	-2.5416
647	12.5	5.	90.	-8.7616e-002
648	15.	5.	87.5	-3.3109e-003
649	15.	7.5	90.	1.5139e-002
650	17.5	5.	90.	-4.8628e-002
651	15.	2.5	90.	-5.8404e-002
652	7.5	5.	90.	-8.7616e-002
653	10.	5.	87.5	-8.5839e-002
654	10.	7.5	90.	-9.7754e-002
655	10.	2.5	90.	-0.27562
656	5.	5.	87.5	-3.311e-003
657	5.	7.5	90.	1.5139e-002
658	2.5	5.	90.	-4.8629e-002
659	5.	2.5	90.	-5.8404e-002
660	12.5	5.	85.	-1.5339e-003
661	15.	5.	82.5	1.0448e-002
662	15.	7.5	85.	-7.7077e-004
663	17.5	5.	85.	2.622e-002
664	15.	2.5	85.	5.784e-003
665	7.5	5.	85.	-1.5339e-003
666	10.	5.	82.5	1.7256e-002
667	10.	7.5	85.	4.3482e-004
668	10.	2.5	85.	-4.9627e-003
669	5.	5.	82.5	1.0448e-002
670	5.	7.5	85.	-7.7072e-004
671	2.5	5.	85.	2.622e-002
672	5.	2.5	85.	5.784e-003
673	12.5	5.	80.	2.9238e-002
674	15.	5.	77.5	1.4606e-002
675	15.	7.5	80.	1.627e-002
676	17.5	5.	80.	3.5356e-003
677	15.	2.5	80.	1.921e-002
678	7.5	5.	80.	2.9238e-002
679	10.	5.	77.5	2.5656e-002
680	10.	7.5	80.	2.6077e-002
681	10.	2.5	80.	2.9925e-002
682	5.	5.	77.5	1.4606e-002
683	5.	7.5	80.	1.627e-002
684	2.5	5.	80.	3.5356e-003
685	5.	2.5	80.	1.921e-002
686	12.5	5.	75.	1.1024e-002
687	15.	5.	72.5	4.984e-003
688	15.	7.5	75.	5.0624e-003
689	17.5	5.	75.	4.381e-003
690	15.	2.5	75.	8.2516e-003
691	7.5	5.	75.	1.1024e-002
692	10.	5.	72.5	1.0224e-002
693	10.	7.5	75.	1.0665e-002
694	10.	2.5	75.	1.6662e-002
695	5.	5.	72.5	4.9839e-003
696	5.	7.5	75.	5.0623e-003
697	2.5	5.	75.	4.3809e-003
698	5.	2.5	75.	8.2515e-003
699	12.5	5.	70.	4.1837e-003
700	15.	5.	67.5	1.7581e-003
701	15.	7.5	70.	1.9964e-003
702	17.5	5.	70.	8.9584e-004
703	15.	2.5	70.	3.1086e-003
704	7.5	5.	70.	4.1836e-003
705	10.	5.	67.5	3.5377e-003
706	10.	7.5	70.	3.8208e-003
707	10.	2.5	70.	5.8261e-003
708	5.	5.	67.5	1.7581e-003
709	5.	7.5	70.	1.9964e-003
710	2.5	5.	70.	8.9586e-004
711	5.	2.5	70.	3.1086e-003
712	12.5	5.	65.	1.1121e-003
713	15.	5.	62.5	4.1407e-004
714	15.	7.5	65.	4.7346e-004
715	17.5	5.	65.	3.1427e-004
716	15.	2.5	65.	8.1568e-004
717	7.5	5.	65.	1.1121e-003
718	10.	5.	62.5	9.2197e-004
719	10.	7.5	65.	1.0843e-003
720	10.	2.5	65.	1.8551e-003
721	5.	5.	62.5	4.141e-004
722	5.	7.5	65.	4.7351e-004
723	2.5	5.	65.	3.1434e-004
724	5.	2.5	65.	8.157e-004
725	12.5	5.	60.	2.2396e-004
726	15.	5.	57.5	7.3594e-005
727	15.	7.5	60.	9.7546e-005
728	17.5	5.	60.	5.2528e-005
729	15.	2.5	60.	1.6608e-004
730	7.5	5.	60.	2.2396e-004
731	10.	5.	57.5	1.6703e-004
732	10.	7.5	60.	2.0525e-004
733	10.	2.5	60.	3.4754e-004
734	5.	5.	57.5	7.3609e-005
735	5.	7.5	60.	9.7563e-005
736	2.5	5.	60.	5.2403e-005
737	5.	2.5	60.	1.6623e-004
738	12.5	5.	55.	1.6663e-005
739	15.	5.	52.5	-2.7183e-006
740	15.	7.5	55.	2.6709e-006
741	17.5	5.	55.	-7.1254e-007
742	15.	2.5	55.	7.3408e-006
743	7.5	5.	55.	1.6677e-005
744	10.	5.	52.5	3.604e-006
745	10.	7.5	55.	2.0252e-005
746	10.	2.5	55.	4.4081e-005
747	5.	5.	52.5	-2.7222e-006
748	5.	7.5	55.	2.6927e-006
749	2.5	5.	55.	-6.5814e-007
750	5.	2.5	55.	7.3547e-006
751	12.5	5.	50.	-1.5778e-005
752	15.	5.	47.5	-1.0705e-005
753	15.	7.5	50.	-7.6724e-006
754	17.5	5.	50.	-4.0183e-006
755	15.	2.5	50.	-1.3858e-005
756	7.5	5.	50.	-1.5795e-005
757	10.	5.	47.5	-2.0553e-005
758	10.	7.5	50.	-1.4594e-005
759	10.	2.5	50.	-2.4352e-005
760	5.	5.	47.5	-1.0738e-005
761	5.	7.5	50.	-7.7106e-006
762	2.5	5.	50.	-3.9872e-006
763	5.	2.5	50.	-1.3896e-005
764	12.5	5.	45.	-1.548e-005
765	15.	5.	42.5	-1.0999e-005
766	15.	7.5	45.	-7.4046e-006
767	17.5	5.	45.	-4.8733e-006
768	15.	2.5	45.	-1.2717e-005
769	7.5	5.	45.	-1.5497e-005
770	10.	5.	42.5	-2.0023e-005
771	10.	7.5	45.	-1.4131e-005
772	10.	2.5	45.	-2.2603e-005
773	5.	5.	42.5	-1.0981e-005
774	5.	7.5	45.	-7.4306e-006
775	2.5	5.	45.	-4.8632e-006
776	5.	2.5	45.	-1.2765e-005
777	12.5	5.	40.	-1.5542e-005
778	15.	5.	37.5	-4.2727e-006
779	15.	7.5	40.	-8.6305e-006
780	17.5	5.	40.	-4.4475e-006
781	15.	2.5	40.	-1.1433e-005
782	7.5	5.	40.	-1.5507e-005
783	10.	5.	37.5	-5.9664e-006
784	10.	7.5	40.	-1.4974e-005
785	10.	2.5	40.	-1.7938e-005
786	5.	5.	37.5	-4.2479e-006
787	5.	7.5	40.	-8.575e-006
788	2.5	5.	40.	-4.4135e-006
789	5.	2.5	40.	-1.1413e-005
790	12.5	5.	35.	5.3028e-006
791	15.	5.	32.5	3.3762e-005
792	15.	7.5	35.	-2.5513e-006
793	17.5	5.	35.	-9.0419e-007
794	15.	2.5	35.	1.333e-005
795	7.5	5.	35.	5.2927e-006
796	10.	5.	32.5	9.488e-005
797	10.	7.5	35.	9.1092e-007
798	10.	2.5	35.	4.5622e-005
799	5.	5.	32.5	3.3759e-005
800	5.	7.5	35.	-2.5657e-006
801	2.5	5.	35.	-9.9786e-007
802	5.	2.5	35.	1.3424e-005
803	12.5	5.	30.	1.2334e-004
804	15.	5.	27.5	2.0596e-004
805	15.	7.5	30.	2.9679e-005
806	17.5	5.	30.	2.6314e-005
807	15.	2.5	30.	1.6534e-004
808	7.5	5.	30.	1.2335e-004
809	10.	5.	27.5	4.6501e-004
810	10.	7.5	30.	9.2997e-005
811	10.	2.5	30.	3.5562e-004
812	5.	5.	27.5	2.0597e-004
813	5.	7.5	30.	2.9673e-005
814	2.5	5.	30.	2.635e-005
815	5.	2.5	30.	1.6533e-004
816	12.5	5.	25.	5.4764e-004
817	15.	5.	22.5	6.1505e-004
818	15.	7.5	25.	1.828e-004
819	17.5	5.	25.	1.1649e-004
820	15.	2.5	25.	7.3893e-004
821	7.5	5.	25.	5.4764e-004
822	10.	5.	22.5	1.4521e-003
823	10.	7.5	25.	4.3891e-004
824	10.	2.5	25.	1.5024e-003
825	5.	5.	22.5	6.1505e-004
826	5.	7.5	25.	1.8276e-004
827	2.5	5.	25.	1.1648e-004
828	5.	2.5	25.	7.3893e-004
829	12.5	5.	20.	1.5195e-003
830	15.	5.	17.5	8.614e-004
831	15.	7.5	20.	4.7409e-004
832	17.5	5.	20.	3.7695e-004
833	15.	2.5	20.	2.3961e-003
834	7.5	5.	20.	1.5195e-003
835	10.	5.	17.5	2.5105e-003
836	10.	7.5	20.	1.1634e-003
837	10.	2.5	20.	4.2919e-003
838	5.	5.	17.5	8.6138e-004
839	5.	7.5	20.	4.7408e-004
840	2.5	5.	20.	3.7698e-004
841	5.	2.5	20.	2.3961e-003
842	12.5	5.	15.	1.8524e-003
843	15.	5.	12.5	1.7149e-003
844	15.	7.5	15.	5.1852e-004
845	17.5	5.	15.	1.2207e-004
846	15.	2.5	15.	4.4412e-003
847	7.5	5.	15.	1.8524e-003
848	10.	5.	12.5	3.426e-003
849	10.	7.5	15.	1.7252e-003
850	10.	2.5	15.	7.5655e-003
851	5.	5.	12.5	1.7149e-003
852	5.	7.5	15.	5.1851e-004
853	2.5	5.	15.	1.2204e-004
854	5.	2.5	15.	4.4413e-003
855	12.5	5.	10.	3.2885e-003
856	15.	5.	7.5	6.6357e-003
857	15.	7.5	10.	2.0498e-003
858	17.5	5.	10.	2.4537e-003
859	15.	2.5	10.	1.8519e-003
860	7.5	5.	10.	3.2885e-003
861	10.	5.	7.5	1.6903e-002
862	10.	7.5	10.	3.2394e-003
863	10.	2.5	10.	-3.1725e-003
864	5.	5.	7.5	6.6357e-003
865	5.	7.5	10.	2.0497e-003
866	2.5	5.	10.	2.4536e-003
867	5.	2.5	10.	1.8519e-003
868	12.5	5.	5.	2.025e-002
869	15.	7.5	5.	8.9075e-003
870	17.5	5.	5.	3.991e-003
871	15.	2.5	5.	-6.4926e-002
872	15.	5.	2.5	0.15057
873	7.5	5.	5.	2.025e-002
874	10.	7.5	5.	2.4284e-002
875	10.	2.5	5.	-8.1591e-002
876	10.	5.	2.5	0.22633
877	5.	7.5	5.	8.9075e-003
878	2.5	5.	5.	3.991e-003
879	5.	2.5	5.	-6.4926e-002
880	5.	5.	2.5	0.15057
881	12.5	10.	95.	-0.53036
882	15.	10.	92.5	-0.1974
883	15.	12.5	95.	3.1665e-008
884	17.5	10.	95.	-1.5854e-003
885	15.	10.	97.5	-0.93065
886	7.5	10.	95.	-0.53036
887	10.	10.	92.5	-0.32796
888	10.	12.5	95.	2.4214e-008
889	10.	10.	97.5	-1.2028
890	5.	10.	92.5	-0.1974
891	5.	12.5	95.	5.0291e-008
892	2.5	10.	95.	-1.5854e-003
893	5.	10.	97.5	-0.93065
894	12.5	10.	90.	5.0017e-003
895	15.	10.	87.5	1.7679e-002
896	15.	12.5	90.	4.2724e-008
897	17.5	10.	90.	1.2694e-002
898	7.5	10.	90.	5.0017e-003
899	10.	10.	87.5	-1.148e-002
900	10.	12.5	90.	3.7922e-008
901	5.	10.	87.5	1.768e-002
902	5.	12.5	90.	-2.6776e-009
903	2.5	10.	90.	1.2694e-002
904	12.5	10.	85.	1.1979e-003
905	15.	10.	82.5	5.0507e-003
906	15.	12.5	85.	-4.3703e-008
907	17.5	10.	85.	8.5178e-003
908	7.5	10.	85.	1.198e-003
909	10.	10.	82.5	9.2555e-003
910	10.	12.5	85.	1.0685e-008
911	5.	10.	82.5	5.0508e-003
912	5.	12.5	85.	3.0886e-008
913	2.5	10.	85.	8.5178e-003
914	12.5	10.	80.	1.3108e-002
915	15.	10.	77.5	6.7254e-003
916	15.	12.5	80.	-4.4092e-008
917	17.5	10.	80.	2.5363e-003
918	7.5	10.	80.	1.3108e-002
919	10.	10.	77.5	1.1086e-002
920	10.	12.5	80.	-2.7416e-008
921	5.	10.	77.5	6.7254e-003
922	5.	12.5	80.	6.9413e-009
923	2.5	10.	80.	2.5363e-003
924	12.5	10.	75.	4.7033e-003
925	15.	10.	72.5	2.0747e-003
926	15.	12.5	75.	-1.9943e-008
927	17.5	10.	75.	1.9235e-003
928	7.5	10.	75.	4.7033e-003
929	10.	10.	72.5	4.262e-003
930	10.	12.5	75.	1.528e-008
931	5.	10.	72.5	2.0748e-003
932	5.	12.5	75.	-1.8113e-008
933	2.5	10.	75.	1.9235e-003
934	12.5	10.	70.	1.6335e-003
935	15.	10.	67.5	7.1175e-004
936	15.	12.5	70.	2.0462e-008
937	17.5	10.	70.	3.4288e-004
938	7.5	10.	70.	1.6335e-003
939	10.	10.	67.5	1.3675e-003
940	10.	12.5	70.	-8.28e-009
941	5.	10.	67.5	7.1181e-004
942	5.	12.5	70.	1.5785e-008
943	2.5	10.	70.	3.4291e-004
944	12.5	10.	65.	4.4573e-004
945	15.	10.	62.5	1.5693e-004
946	15.	12.5	65.	1.7898e-008
947	17.5	10.	65.	1.3755e-004
948	7.5	10.	65.	4.4576e-004
949	10.	10.	62.5	3.6763e-004
950	10.	12.5	65.	1.8617e-008
951	5.	10.	62.5	1.5697e-004
952	5.	12.5	65.	2.6107e-008
953	2.5	10.	65.	1.3757e-004
954	12.5	10.	60.	7.8832e-005
955	15.	10.	57.5	2.6624e-005
956	15.	12.5	60.	-4.7431e-008
957	17.5	10.	60.	1.3819e-005
958	7.5	10.	60.	7.8846e-005
959	10.	10.	57.5	5.8468e-005
960	10.	12.5	60.	2.3972e-008
961	5.	10.	57.5	2.6647e-005
962	5.	12.5	60.	-1.9368e-008
963	2.5	10.	60.	1.3871e-005
964	12.5	10.	55.	6.2595e-006
965	15.	10.	52.5	-2.2831e-006
966	15.	12.5	55.	-1.231e-008
967	17.5	10.	55.	1.433e-008
968	7.5	10.	55.	6.2679e-006
969	10.	10.	52.5	2.0535e-006
970	10.	12.5	55.	-4.6844e-008
971	5.	10.	52.5	-2.2957e-006
972	5.	12.5	55.	8.087e-009
973	2.5	10.	55.	-3.4373e-009
974	12.5	10.	50.	-6.4892e-006
975	15.	10.	47.5	-4.3723e-006
976	15.	12.5	50.	2.0712e-008
977	17.5	10.	50.	-2.0778e-006
978	7.5	10.	50.	-6.5102e-006
979	10.	10.	47.5	-8.1718e-006
980	10.	12.5	50.	-2.143e-008
981	5.	10.	47.5	-4.4031e-006
982	5.	12.5	50.	-1.332e-008
983	2.5	10.	50.	-2.1378e-006
984	12.5	10.	45.	-6.0549e-006
985	15.	10.	42.5	-5.0359e-006
986	15.	12.5	45.	2.9454e-008
987	17.5	10.	45.	-1.728e-006
988	7.5	10.	45.	-6.0646e-006
989	10.	10.	42.5	-9.0811e-006
990	10.	12.5	45.	2.8436e-008
991	5.	10.	42.5	-5.025e-006
992	5.	12.5	45.	-2.3128e-008
993	2.5	10.	45.	-1.7338e-006
994	12.5	10.	40.	-8.0621e-006
995	15.	10.	37.5	-6.9091e-006
996	15.	12.5	40.	-7.6901e-010
997	17.5	10.	40.	-3.1971e-006
998	7.5	10.	40.	-8.0414e-006
999	10.	10.	37.5	-8.0962e-006
1000	10.	12.5	40.	-1.0839e-008
1001	5.	10.	37.5	-6.8928e-006
1002	5.	12.5	40.	2.4855e-008
1003	2.5	10.	40.	-3.2231e-006
1004	12.5	10.	35.	-6.9432e-006
1005	15.	10.	32.5	-6.6341e-006
1006	15.	12.5	35.	-3.9938e-008
1007	17.5	10.	35.	-3.7994e-006
1008	7.5	10.	35.	-6.9475e-006
1009	10.	10.	32.5	-9.7171e-007
1010	10.	12.5	35.	4.6193e-008
1011	5.	10.	32.5	-6.6515e-006
1012	5.	12.5	35.	-1.8748e-008
1013	2.5	10.	35.	-3.7347e-006
1014	12.5	10.	30.	-6.6268e-007
1015	15.	10.	27.5	6.5144e-006
1016	15.	12.5	30.	1.2948e-010
1017	17.5	10.	30.	-1.9383e-005
1018	7.5	10.	30.	-6.7562e-007
1019	10.	10.	27.5	6.6895e-005
1020	10.	12.5	30.	-1.1747e-008
1021	5.	10.	27.5	6.4659e-006
1022	5.	12.5	30.	-1.2765e-008
1023	2.5	10.	30.	-1.945e-005
1024	12.5	10.	25.	7.4072e-005
1025	15.	10.	22.5	4.1842e-005
1026	15.	12.5	25.	5.8786e-008
1027	17.5	10.	25.	-6.3169e-006
1028	7.5	10.	25.	7.4036e-005
1029	10.	10.	22.5	1.5014e-004
1030	10.	12.5	25.	-4.2858e-008
1031	5.	10.	22.5	4.1794e-005
1032	5.	12.5	25.	-2.6374e-008
1033	2.5	10.	25.	-6.3522e-006
1034	12.5	10.	20.	1.1791e-004
1035	15.	10.	17.5	1.3121e-004
1036	15.	12.5	20.	-3.4643e-009
1037	17.5	10.	20.	-1.1961e-004
1038	7.5	10.	20.	1.179e-004
1039	10.	10.	17.5	3.7806e-004
1040	10.	12.5	20.	2.6961e-008
1041	5.	10.	17.5	1.312e-004
1042	5.	12.5	20.	-3.6809e-008
1043	2.5	10.	20.	-1.1964e-004
1044	12.5	10.	15.	3.9135e-004
1045	15.	10.	12.5	8.5337e-004
1046	15.	12.5	15.	2.2555e-008
1047	17.5	10.	15.	2.538e-004
1048	7.5	10.	15.	3.9135e-004
1049	10.	10.	12.5	1.5387e-003
1050	10.	12.5	15.	1.3517e-009
1051	5.	10.	12.5	8.5336e-004
1052	5.	12.5	15.	4.3252e-008
1053	2.5	10.	15.	2.5377e-004
1054	12.5	10.	10.	2.0007e-003
1055	15.	10.	7.5	4.3216e-003
1056	15.	12.5	10.	4.1921e-008
1057	17.5	10.	10.	9.6679e-004
1058	7.5	10.	10.	2.0007e-003
1059	10.	10.	7.5	1.0621e-002
1060	10.	12.5	10.	1.8023e-008
1061	5.	10.	7.5	4.3216e-003
1062	5.	12.5	10.	1.6222e-008
1063	2.5	10.	10.	9.6682e-004
1064	12.5	10.	5.	1.2942e-002
1065	15.	12.5	5.	-1.477e-008
1066	17.5	10.	5.	1.4363e-003
1067	15.	10.	2.5	3.4792e-002
1068	7.5	10.	5.	1.2942e-002
1069	10.	12.5	5.	-2.9977e-008
1070	10.	10.	2.5	6.7624e-002
1071	5.	12.5	5.	-3.1825e-008
1072	2.5	10.	5.	1.4363e-003
1073	5.	10.	2.5	3.4792e-002
1074	12.5	15.	95.	0.53036
1075	15.	15.	92.5	0.1974
1076	15.	17.5	95.	0.93689
1077	17.5	15.	95.	1.5855e-003
1078	15.	15.	97.5	0.93065
1079	7.5	15.	95.	0.53036
1080	10.	15.	92.5	0.32796
1081	10.	17.5	95.	1.3166
1082	10.	15.	97.5	1.2028
1083	5.	15.	92.5	0.1974
1084	5.	17.5	95.	0.93689
1085	2.5	15.	95.	1.5854e-003
1086	5.	15.	97.5	0.93065
1087	12.5	15.	90.	-5.0016e-003
1088	15.	15.	87.5	-1.7679e-002
1089	15.	17.5	90.	-1.5139e-002
1090	17.5	15.	90.	-1.2694e-002
1091	7.5	15.	90.	-5.0016e-003
1092	10.	15.	87.5	1.148e-002
1093	10.	17.5	90.	9.7754e-002
1094	5.	15.	87.5	-1.7679e-002
1095	5.	17.5	90.	-1.5139e-002
1096	2.5	15.	90.	-1.2694e-002
1097	12.5	15.	85.	-1.198e-003
1098	15.	15.	82.5	-5.0508e-003
1099	15.	17.5	85.	7.7077e-004
1100	17.5	15.	85.	-8.5179e-003
1101	7.5	15.	85.	-1.1979e-003
1102	10.	15.	82.5	-9.2555e-003
1103	10.	17.5	85.	-4.3478e-004
1104	5.	15.	82.5	-5.0507e-003
1105	5.	17.5	85.	7.7078e-004
1106	2.5	15.	85.	-8.5178e-003
1107	12.5	15.	80.	-1.3108e-002
1108	15.	15.	77.5	-6.7255e-003
1109	15.	17.5	80.	-1.627e-002
1110	17.5	15.	80.	-2.5364e-003
1111	7.5	15.	80.	-1.3108e-002
1112	10.	15.	77.5	-1.1086e-002
1113	10.	17.5	80.	-2.6077e-002
1114	5.	15.	77.5	-6.7254e-003
1115	5.	17.5	80.	-1.6269e-002
1116	2.5	15.	80.	-2.5363e-003
1117	12.5	15.	75.	-4.7033e-003
1118	15.	15.	72.5	-2.0747e-003
1119	15.	17.5	75.	-5.0624e-003
1120	17.5	15.	75.	-1.9235e-003
1121	7.5	15.	75.	-4.7033e-003
1122	10.	15.	72.5	-4.262e-003
1123	10.	17.5	75.	-1.0665e-002
1124	5.	15.	72.5	-2.0748e-003
1125	5.	17.5	75.	-5.0623e-003
1126	2.5	15.	75.	-1.9235e-003
1127	12.5	15.	70.	-1.6335e-003
1128	15.	15.	67.5	-7.1171e-004
1129	15.	17.5	70.	-1.9964e-003
1130	17.5	15.	70.	-3.4284e-004
1131	7.5	15.	70.	-1.6335e-003
1132	10.	15.	67.5	-1.3675e-003
1133	10.	17.5	70.	-3.8208e-003
1134	5.	15.	67.5	-7.1177e-004
1135	5.	17.5	70.	-1.9964e-003
1136	2.5	15.	70.	-3.4286e-004
1137	12.5	15.	65.	-4.457e-004
1138	15.	15.	62.5	-1.5696e-004
1139	15.	17.5	65.	-4.7342e-004
1140	17.5	15.	65.	-1.3752e-004
1141	7.5	15.	65.	-4.4571e-004
1142	10.	15.	62.5	-3.6759e-004
1143	10.	17.5	65.	-1.0844e-003
1144	5.	15.	62.5	-1.5697e-004
1145	5.	17.5	65.	-4.7348e-004
1146	2.5	15.	65.	-1.3754e-004
1147	12.5	15.	60.	-7.8856e-005
1148	15.	15.	57.5	-2.6684e-005
1149	15.	17.5	60.	-9.7603e-005
1150	17.5	15.	60.	-1.384e-005
1151	7.5	15.	60.	-7.8842e-005
1152	10.	15.	57.5	-5.8491e-005
1153	10.	17.5	60.	-2.0523e-004
1154	5.	15.	57.5	-2.6658e-005
1155	5.	17.5	60.	-9.7583e-005
1156	2.5	15.	60.	-1.3848e-005
1157	12.5	15.	55.	-6.3187e-006
1158	15.	15.	52.5	2.2915e-006
1159	15.	17.5	55.	-2.679e-006
1160	17.5	15.	55.	-4.4949e-008
1161	7.5	15.	55.	-6.3067e-006
1162	10.	15.	52.5	-2.1217e-006
1163	10.	17.5	55.	-2.0309e-005
1164	5.	15.	52.5	2.2905e-006
1165	5.	17.5	55.	-2.7241e-006
1166	2.5	15.	55.	-6.1241e-008
1167	12.5	15.	50.	6.4885e-006
1168	15.	15.	47.5	4.4224e-006
1169	15.	17.5	50.	7.7319e-006
1170	17.5	15.	50.	2.0877e-006
1171	7.5	15.	50.	6.4754e-006
1172	10.	15.	47.5	8.1788e-006
1173	10.	17.5	50.	1.4585e-005
1174	5.	15.	47.5	4.3666e-006
1175	5.	17.5	50.	7.7058e-006
1176	2.5	15.	50.	2.0649e-006
1177	12.5	15.	45.	6.1128e-006
1178	15.	15.	42.5	5.0646e-006
1179	15.	17.5	45.	7.4576e-006
1180	17.5	15.	45.	1.7719e-006
1181	7.5	15.	45.	6.0699e-006
1182	10.	15.	42.5	9.0987e-006
1183	10.	17.5	45.	1.4197e-005
1184	5.	15.	42.5	5.0267e-006
1185	5.	17.5	45.	7.4459e-006
1186	2.5	15.	45.	1.741e-006
1187	12.5	15.	40.	8.0505e-006
1188	15.	15.	37.5	6.8684e-006
1189	15.	17.5	40.	8.6364e-006
1190	17.5	15.	40.	3.2202e-006
1191	7.5	15.	40.	8.0555e-006
1192	10.	15.	37.5	8.1316e-006
1193	10.	17.5	40.	1.4962e-005
1194	5.	15.	37.5	6.8989e-006
1195	5.	17.5	40.	8.593e-006
1196	2.5	15.	40.	3.2002e-006
1197	12.5	15.	35.	6.9494e-006
1198	15.	15.	32.5	6.5943e-006
1199	15.	17.5	35.	2.5077e-006
1200	17.5	15.	35.	3.7405e-006
1201	7.5	15.	35.	6.975e-006
1202	10.	15.	32.5	1.0062e-006
1203	10.	17.5	35.	-8.9392e-007
1204	5.	15.	32.5	6.62e-006
1205	5.	17.5	35.	2.5298e-006
1206	2.5	15.	35.	3.7567e-006
1207	12.5	15.	30.	6.5106e-007
1208	15.	15.	27.5	-6.4555e-006
1209	15.	17.5	30.	-2.9698e-005
1210	17.5	15.	30.	1.9419e-005
1211	7.5	15.	30.	6.5111e-007
1212	10.	15.	27.5	-6.6949e-005
1213	10.	17.5	30.	-9.3011e-005
1214	5.	15.	27.5	-6.5051e-006
1215	5.	17.5	30.	-2.9703e-005
1216	2.5	15.	30.	1.9387e-005
1217	12.5	15.	25.	-7.4056e-005
1218	15.	15.	22.5	-4.1787e-005
1219	15.	17.5	25.	-1.8274e-004
1220	17.5	15.	25.	6.3714e-006
1221	7.5	15.	25.	-7.4105e-005
1222	10.	15.	22.5	-1.5016e-004
1223	10.	17.5	25.	-4.3898e-004
1224	5.	15.	22.5	-4.1857e-005
1225	5.	17.5	25.	-1.8279e-004
1226	2.5	15.	25.	6.3664e-006
1227	12.5	15.	20.	-1.1789e-004
1228	15.	15.	17.5	-1.3119e-004
1229	15.	17.5	20.	-4.7411e-004
1230	17.5	15.	20.	1.1965e-004
1231	7.5	15.	20.	-1.1791e-004
1232	10.	15.	17.5	-3.7803e-004
1233	10.	17.5	20.	-1.1633e-003
1234	5.	15.	17.5	-1.3119e-004
1235	5.	17.5	20.	-4.7409e-004
1236	2.5	15.	20.	1.1967e-004
1237	12.5	15.	15.	-3.9132e-004
1238	15.	15.	12.5	-8.5331e-004
1239	15.	17.5	15.	-5.1849e-004
1240	17.5	15.	15.	-2.5381e-004
1241	7.5	15.	15.	-3.9131e-004
1242	10.	15.	12.5	-1.5386e-003
1243	10.	17.5	15.	-1.7252e-003
1244	5.	15.	12.5	-8.533e-004
1245	5.	17.5	15.	-5.185e-004
1246	2.5	15.	15.	-2.5382e-004
1247	12.5	15.	10.	-2.0006e-003
1248	15.	15.	7.5	-4.3216e-003
1249	15.	17.5	10.	-2.0497e-003
1250	17.5	15.	10.	-9.6676e-004
1251	7.5	15.	10.	-2.0006e-003
1252	10.	15.	7.5	-1.0621e-002
1253	10.	17.5	10.	-3.2394e-003
1254	5.	15.	7.5	-4.3216e-003
1255	5.	17.5	10.	-2.0497e-003
1256	2.5	15.	10.	-9.668e-004
1257	12.5	15.	5.	-1.2942e-002
1258	15.	17.5	5.	-8.9075e-003
1259	17.5	15.	5.	-1.4363e-003
1260	15.	15.	2.5	-3.4792e-002
1261	7.5	15.	5.	-1.2942e-002
1262	10.	17.5	5.	-2.4284e-002
1263	10.	15.	2.5	-6.7624e-002
1264	5.	17.5	5.	-8.9076e-003
1265	2.5	15.	5.	-1.4363e-003
1266	5.	15.	2.5	-3.4792e-002
1267	12.5	20.	95.	1.7231
1268	15.	20.	92.5	0.72436
1269	17.5	20.	95.	0.12154
1270	15.	22.5	95.	1.1761
1271	15.	20.	97.5	2.5416
1272	7.5	20.	95.	1.7231
1273	10.	20.	92.5	1.0864
1274	10.	22.5	95.	1.8326
1275	10.	20.	97.5	3.2581
1276	5.	20.	92.5	0.72436
1277	2.5	20.	95.	0.12154
1278	5.	22.5	95.	1.1761
1279	5.	20.	97.5	2.5416
1280	12.5	20.	90.	8.7616e-002
1281	15.	20.	87.5	3.3111e-003
1282	17.5	20.	90.	4.8629e-002
1283	15.	22.5	90.	5.8404e-002
1284	7.5	20.	90.	8.7616e-002
1285	10.	20.	87.5	8.5839e-002
1286	10.	22.5	90.	0.27562
1287	5.	20.	87.5	3.3111e-003
1288	2.5	20.	90.	4.8629e-002
1289	5.	22.5	90.	5.8404e-002
1290	12.5	20.	85.	1.5339e-003
1291	15.	20.	82.5	-1.0448e-002
1292	17.5	20.	85.	-2.622e-002
1293	15.	22.5	85.	-5.7838e-003
1294	7.5	20.	85.	1.5339e-003
1295	10.	20.	82.5	-1.7256e-002
1296	10.	22.5	85.	4.9628e-003
1297	5.	20.	82.5	-1.0448e-002
1298	2.5	20.	85.	-2.622e-002
1299	5.	22.5	85.	-5.7839e-003
1300	12.5	20.	80.	-2.9238e-002
1301	15.	20.	77.5	-1.4606e-002
1302	17.5	20.	80.	-3.5355e-003
1303	15.	22.5	80.	-1.921e-002
1304	7.5	20.	80.	-2.9238e-002
1305	10.	20.	77.5	-2.5656e-002
1306	10.	22.5	80.	-2.9925e-002
1307	5.	20.	77.5	-1.4606e-002
1308	2.5	20.	80.	-3.5355e-003
1309	5.	22.5	80.	-1.921e-002
1310	12.5	20.	75.	-1.1024e-002
1311	15.	20.	72.5	-4.984e-003
1312	17.5	20.	75.	-4.381e-003
1313	15.	22.5	75.	-8.2515e-003
1314	7.5	20.	75.	-1.1024e-002
1315	10.	20.	72.5	-1.0224e-002
1316	10.	22.5	75.	-1.6662e-002
1317	5.	20.	72.5	-4.9839e-003
1318	2.5	20.	75.	-4.381e-003
1319	5.	22.5	75.	-8.2515e-003
1320	12.5	20.	70.	-4.1837e-003
1321	15.	20.	67.5	-1.7581e-003
1322	17.5	20.	70.	-8.9587e-004
1323	15.	22.5	70.	-3.1086e-003
1324	7.5	20.	70.	-4.1836e-003
1325	10.	20.	67.5	-3.5377e-003
1326	10.	22.5	70.	-5.8261e-003
1327	5.	20.	67.5	-1.7581e-003
1328	2.5	20.	70.	-8.9581e-004
1329	5.	22.5	70.	-3.1085e-003
1330	12.5	20.	65.	-1.1121e-003
1331	15.	20.	62.5	-4.1406e-004
1332	17.5	20.	65.	-3.1425e-004
1333	15.	22.5	65.	-8.1561e-004
1334	7.5	20.	65.	-1.1121e-003
1335	10.	20.	62.5	-9.22e-004
1336	10.	22.5	65.	-1.8551e-003
1337	5.	20.	62.5	-4.1409e-004
1338	2.5	20.	65.	-3.1435e-004
1339	5.	22.5	65.	-8.1564e-004
1340	12.5	20.	60.	-2.2398e-004
1341	15.	20.	57.5	-7.3598e-005
1342	17.5	20.	60.	-5.2468e-005
1343	15.	22.5	60.	-1.6606e-004
1344	7.5	20.	60.	-2.2398e-004
1345	10.	20.	57.5	-1.6705e-004
1346	10.	22.5	60.	-3.4761e-004
1347	5.	20.	57.5	-7.3649e-005
1348	2.5	20.	60.	-5.2508e-005
1349	5.	22.5	60.	-1.6615e-004
1350	12.5	20.	55.	-1.6669e-005
1351	15.	20.	52.5	2.7614e-006
1352	17.5	20.	55.	7.6972e-007
1353	15.	22.5	55.	-7.4096e-006
1354	7.5	20.	55.	-1.6727e-005
1355	10.	20.	52.5	-3.6028e-006
1356	10.	22.5	55.	-4.4194e-005
1357	5.	20.	52.5	2.6913e-006
1358	2.5	20.	55.	7.8042e-007
1359	5.	22.5	55.	-7.3821e-006
1360	12.5	20.	50.	1.5828e-005
1361	15.	20.	47.5	1.0767e-005
1362	17.5	20.	50.	3.9305e-006
1363	15.	22.5	50.	1.391e-005
1364	7.5	20.	50.	1.5815e-005
1365	10.	20.	47.5	2.0603e-005
1366	10.	22.5	50.	2.4346e-005
1367	5.	20.	47.5	1.0785e-005
1368	2.5	20.	50.	3.9548e-006
1369	5.	22.5	50.	1.3898e-005
1370	12.5	20.	45.	1.5542e-005
1371	15.	20.	42.5	1.1029e-005
1372	17.5	20.	45.	4.8773e-006
1373	15.	22.5	45.	1.2835e-005
1374	7.5	20.	45.	1.5573e-005
1375	10.	20.	42.5	2.0061e-005
1376	10.	22.5	45.	2.2633e-005
1377	5.	20.	42.5	1.1012e-005
1378	2.5	20.	45.	4.896e-006
1379	5.	22.5	45.	1.2859e-005
1380	12.5	20.	40.	1.5548e-005
1381	15.	20.	37.5	4.2757e-006
1382	17.5	20.	40.	4.5037e-006
1383	15.	22.5	40.	1.1509e-005
1384	7.5	20.	40.	1.55e-005
1385	10.	20.	37.5	5.9369e-006
1386	10.	22.5	40.	1.7966e-005
1387	5.	20.	37.5	4.224e-006
1388	2.5	20.	40.	4.3941e-006
1389	5.	22.5	40.	1.1462e-005
1390	12.5	20.	35.	-5.3356e-006
1391	15.	20.	32.5	-3.3785e-005
1392	17.5	20.	35.	9.3288e-007
1393	15.	22.5	35.	-1.3386e-005
1394	7.5	20.	35.	-5.3391e-006
1395	10.	20.	32.5	-9.4911e-005
1396	10.	22.5	35.	-4.5656e-005
1397	5.	20.	32.5	-3.3794e-005
1398	2.5	20.	35.	9.3063e-007
1399	5.	22.5	35.	-1.3398e-005
1400	12.5	20.	30.	-1.2336e-004
1401	15.	20.	27.5	-2.0598e-004
1402	17.5	20.	30.	-2.6352e-005
1403	15.	22.5	30.	-1.6538e-004
1404	7.5	20.	30.	-1.2337e-004
1405	10.	20.	27.5	-4.6504e-004
1406	10.	22.5	30.	-3.5568e-004
1407	5.	20.	27.5	-2.0599e-004
1408	2.5	20.	30.	-2.6322e-005
1409	5.	22.5	30.	-1.6536e-004
1410	12.5	20.	25.	-5.4766e-004
1411	15.	20.	22.5	-6.1506e-004
1412	17.5	20.	25.	-1.1647e-004
1413	15.	22.5	25.	-7.3894e-004
1414	7.5	20.	25.	-5.4766e-004
1415	10.	20.	22.5	-1.4521e-003
1416	10.	22.5	25.	-1.5025e-003
1417	5.	20.	22.5	-6.1502e-004
1418	2.5	20.	25.	-1.1653e-004
1419	5.	22.5	25.	-7.3894e-004
1420	12.5	20.	20.	-1.5195e-003
1421	15.	20.	17.5	-8.6141e-004
1422	17.5	20.	20.	-3.7697e-004
1423	15.	22.5	20.	-2.3961e-003
1424	7.5	20.	20.	-1.5195e-003
1425	10.	20.	17.5	-2.5105e-003
1426	10.	22.5	20.	-4.2919e-003
1427	5.	20.	17.5	-8.614e-004
1428	2.5	20.	20.	-3.7695e-004
1429	5.	22.5	20.	-2.396e-003
1430	12.5	20.	15.	-1.8524e-003
1431	15.	20.	12.5	-1.7149e-003
1432	17.5	20.	15.	-1.2203e-004
1433	15.	22.5	15.	-4.4413e-003
1434	7.5	20.	15.	-1.8524e-003
1435	10.	20.	12.5	-3.426e-003
1436	10.	22.5	15.	-7.5655e-003
1437	5.	20.	12.5	-1.7149e-003
1438	2.5	20.	15.	-1.2206e-004
1439	5.	22.5	15.	-4.4413e-003
1440	12.5	20.	10.	-3.2885e-003
1441	15.	20.	7.5	-6.6357e-003
1442	17.5	20.	10.	-2.4537e-003
1443	15.	22.5	10.	-1.8518e-003
1444	7.5	20.	10.	-3.2885e-003
1445	10.	20.	7.5	-1.6903e-002
1446	10.	22.5	10.	3.1725e-003
1447	5.	20.	7.5	-6.6357e-003
1448	2.5	20.	10.	-2.4536e-003
1449	5.	22.5	10.	-1.8519e-003
1450	12.5	20.	5.	-2.025e-002
1451	17.5	20.	5.	-3.9909e-003
1452	15.	22.5	5.	6.4926e-002
1453	15.	20.	2.5	-0.15057
1454	7.5	20.	5.	-2.025e-002
1455	10.	22.5	5.	8.1591e-002
1456	10.	20.	2.5	-0.22633
1457	2.5	20.	5.	-3.9909e-003
1458	5.	22.5	5.	6.4926e-002
1459	5.	20.	2.5	-0.15057
1460	20.	20.	7.5	1.9107e-004
1461	20.	17.5	5.	3.4803e-003
1462	20.	22.5	5.	-5.7876e-004
1463	20.	20.	2.5	6.8164e-003
1464	20.	20.	12.5	-8.6081e-004
1465	20.	17.5	10.	-1.3707e-003
1466	20.	22.5	10.	1.0048e-002
1467	20.	20.	17.5	3.6241e-004
1468	20.	17.5	15.	1.4265e-004
1469	20.	22.5	15.	-1.7256e-003
1470	20.	20.	22.5	1.2162e-004
1471	20.	17.5	20.	2.1678e-004
1472	20.	22.5	20.	7.7569e-004
1473	20.	20.	27.5	6.3161e-005
1474	20.	17.5	25.	7.2642e-005
1475	20.	22.5	25.	-7.0042e-005
1476	20.	20.	32.5	8.3652e-006
1477	20.	17.5	30.	2.2765e-005
1478	20.	22.5	30.	6.1283e-005
1479	20.	20.	37.5	1.1609e-006
1480	20.	17.5	35.	2.1656e-006
1481	20.	22.5	35.	-4.7744e-006
1482	20.	20.	42.5	-1.6483e-006
1483	20.	17.5	40.	-9.1238e-007
1484	20.	22.5	40.	1.1375e-006
1485	20.	20.	47.5	-1.9593e-006
1486	20.	17.5	45.	-8.0841e-007
1487	20.	22.5	45.	-1.2938e-006
1488	20.	20.	52.5	1.9388e-006
1489	20.	17.5	50.	-1.7137e-006
1490	20.	22.5	50.	-2.3462e-006
1491	20.	20.	57.5	2.19e-005
1492	20.	17.5	55.	3.4038e-006
1493	20.	22.5	55.	6.6407e-006
1494	20.	20.	62.5	4.734e-005
1495	20.	17.5	60.	3.1296e-005
1496	20.	22.5	60.	5.0934e-005
1497	20.	20.	67.5	5.4795e-004
1498	20.	17.5	65.	2.165e-005
1499	20.	22.5	65.	2.3427e-005
1500	20.	20.	72.5	-2.9286e-004
1501	20.	17.5	70.	7.5766e-004
1502	20.	22.5	70.	1.3263e-003
1503	20.	20.	77.5	6.6899e-003
1504	20.	17.5	75.	-1.2421e-003
1505	20.	22.5	75.	-3.0306e-003
1506	20.	20.	82.5	-1.9308e-002
1507	20.	17.5	80.	1.0198e-002
1508	20.	22.5	80.	2.0274e-002
1509	20.	20.	87.5	1.9097e-002
1510	20.	17.5	85.	-3.5509e-002
1511	20.	22.5	85.	-9.0253e-002
1512	20.	20.	92.5	-0.55419
1513	20.	17.5	90.	5.1074e-002
1514	20.	22.5	90.	0.13388
1515	20.	17.5	95.	-0.81377
1516	20.	22.5	95.	-1.8736
1517	20.	20.	97.5	2.0779
1518	20.	15.	7.5	1.9185e-003
1519	20.	12.5	5.	8.0327e-009
1520	20.	15.	2.5	-6.9619e-003
1521	20.	15.	12.5	-3.6726e-004
1522	20.	12.5	10.	-1.4297e-008
1523	20.	15.	17.5	-2.9737e-006
1524	20.	12.5	15.	-3.1578e-008
1525	20.	15.	22.5	1.6781e-004
1526	20.	12.5	20.	4.2866e-008
1527	20.	15.	27.5	3.2246e-005
1528	20.	12.5	25.	-4.2555e-009
1529	20.	15.	32.5	1.6566e-005
1530	20.	12.5	30.	3.6761e-008
1531	20.	15.	37.5	9.2329e-008
1532	20.	12.5	35.	-1.9015e-008
1533	20.	15.	42.5	-7.247e-008
1534	20.	12.5	40.	2.392e-008
1535	20.	15.	47.5	-5.6288e-007
1536	20.	12.5	45.	1.4429e-008
1537	20.	15.	52.5	-2.4874e-007
1538	20.	12.5	50.	-1.0847e-008
1539	20.	15.	57.5	1.2799e-005
1540	20.	12.5	55.	-1.8309e-008
1541	20.	15.	62.5	5.6058e-006
1542	20.	12.5	60.	2.6413e-008
1543	20.	15.	67.5	2.3136e-004
1544	20.	12.5	65.	1.4636e-008
1545	20.	15.	72.5	-1.9158e-004
1546	20.	12.5	70.	1.8772e-008
1547	20.	15.	77.5	2.2656e-003
1548	20.	12.5	75.	2.854e-008
1549	20.	15.	82.5	-6.0034e-003
1550	20.	12.5	80.	-7.8326e-008
1551	20.	15.	87.5	-3.5324e-003
1552	20.	12.5	85.	2.0023e-008
1553	20.	15.	92.5	-0.20851
1554	20.	12.5	90.	-6.8918e-008
1555	20.	12.5	95.	6.6124e-008
1556	20.	15.	97.5	0.7503
1557	20.	10.	7.5	-1.9185e-003
1558	20.	7.5	5.	-3.4803e-003
1559	20.	10.	2.5	6.9619e-003
1560	20.	10.	12.5	3.6722e-004
1561	20.	7.5	10.	1.3707e-003
1562	20.	10.	17.5	2.9849e-006
1563	20.	7.5	15.	-1.4264e-004
1564	20.	10.	22.5	-1.6777e-004
1565	20.	7.5	20.	-2.1675e-004
1566	20.	10.	27.5	-3.2214e-005
1567	20.	7.5	25.	-7.2625e-005
1568	20.	10.	32.5	-1.6548e-005
1569	20.	7.5	30.	-2.2747e-005
1570	20.	10.	37.5	-8.7424e-008
1571	20.	7.5	35.	-2.1523e-006
1572	20.	10.	42.5	1.1082e-007
1573	20.	7.5	40.	9.8587e-007
1574	20.	10.	47.5	5.6646e-007
1575	20.	7.5	45.	8.0328e-007
1576	20.	10.	52.5	2.1958e-007
1577	20.	7.5	50.	1.5762e-006
1578	20.	10.	57.5	-1.2791e-005
1579	20.	7.5	55.	-3.3692e-006
1580	20.	10.	62.5	-5.5648e-006
1581	20.	7.5	60.	-3.12e-005
1582	20.	10.	67.5	-2.3132e-004
1583	20.	7.5	65.	-2.1631e-005
1584	20.	10.	72.5	1.9162e-004
1585	20.	7.5	70.	-7.5765e-004
1586	20.	10.	77.5	-2.2657e-003
1587	20.	7.5	75.	1.2421e-003
1588	20.	10.	82.5	6.0034e-003
1589	20.	7.5	80.	-1.0198e-002
1590	20.	10.	87.5	3.5323e-003
1591	20.	7.5	85.	3.5509e-002
1592	20.	10.	92.5	0.20851
1593	20.	7.5	90.	-5.1074e-002
1594	20.	7.5	95.	0.81377
1595	20.	10.	97.5	-0.7503
1596	20.	5.	7.5	-1.9106e-004
1597	20.	2.5	5.	5.7888e-004
1598	20.	5.	2.5	-6.8165e-003
1599	20.	5.	12.5	8.6086e-004
1600	20.	2.5	10.	-1.0048e-002
1601	20.	5.	17.5	-3.6238e-004
1602	20.	2.5	15.	1.7255e-003
1603	20.	5.	22.5	-1.2161e-004
1604	20.	2.5	20.	-7.756e-004
1605	20.	5.	27.5	-6.3159e-005
1606	20.	2.5	25.	7.0182e-005
1607	20.	5.	32.5	-8.3516e-006
1608	20.	2.5	30.	-6.1378e-005
1609	20.	5.	37.5	-1.079e-006
1610	20.	2.5	35.	4.804e-006
1611	20.	5.	42.5	1.6783e-006
1612	20.	2.5	40.	-1.0792e-006
1613	20.	5.	47.5	1.8131e-006
1614	20.	2.5	45.	1.3565e-006
1615	20.	5.	52.5	-2.0125e-006
1616	20.	2.5	50.	2.3309e-006
1617	20.	5.	57.5	-2.1778e-005
1618	20.	2.5	55.	-6.7009e-006
1619	20.	5.	62.5	-4.7266e-005
1620	20.	2.5	60.	-5.0865e-005
1621	20.	5.	67.5	-5.4796e-004
1622	20.	2.5	65.	-2.3492e-005
1623	20.	5.	72.5	2.9282e-004
1624	20.	2.5	70.	-1.3262e-003
1625	20.	5.	77.5	-6.6899e-003
1626	20.	2.5	75.	3.0307e-003
1627	20.	5.	82.5	1.9308e-002
1628	20.	2.5	80.	-2.0274e-002
1629	20.	5.	87.5	-1.9097e-002
1630	20.	2.5	85.	9.0253e-002
1631	20.	5.	92.5	0.55419
1632	20.	2.5	90.	-0.13388
1633	20.	2.5	95.	1.8736
1634	20.	5.	97.5	-2.0779
1635	0.	5.	92.5	0.55419
1636	0.	7.5	95.	0.81377
1637	0.	5.	97.5	-2.0779
1638	0.	2.5	95.	1.8736
1639	0.	5.	87.5	-1.9097e-002
1640	0.	7.5	90.	-5.1074e-002
1641	0.	2.5	90.	-0.13388
1642	0.	5.	82.5	1.9308e-002
1643	0.	7.5	85.	3.5509e-002
1644	0.	2.5	85.	9.0253e-002
1645	0.	5.	77.5	-6.6899e-003
1646	0.	7.5	80.	-1.0198e-002
1647	0.	2.5	80.	-2.0274e-002
1648	0.	5.	72.5	2.9284e-004
1649	0.	7.5	75.	1.2421e-003
1650	0.	2.5	75.	3.0306e-003
1651	0.	5.	67.5	-5.4788e-004
1652	0.	7.5	70.	-7.576e-004
1653	0.	2.5	70.	-1.3261e-003
1654	0.	5.	62.5	-4.7358e-005
1655	0.	7.5	65.	-2.16e-005
1656	0.	2.5	65.	-2.3507e-005
1657	0.	5.	57.5	-2.1865e-005
1658	0.	7.5	60.	-3.129e-005
1659	0.	2.5	60.	-5.0801e-005
1660	0.	5.	52.5	-1.9231e-006
1661	0.	7.5	55.	-3.3543e-006
1662	0.	2.5	55.	-6.6586e-006
1663	0.	5.	47.5	1.8878e-006
1664	0.	7.5	50.	1.5856e-006
1665	0.	2.5	50.	2.2722e-006
1666	0.	5.	42.5	1.704e-006
1667	0.	7.5	45.	8.3358e-007
1668	0.	2.5	45.	1.3459e-006
1669	0.	5.	37.5	-1.1634e-006
1670	0.	7.5	40.	9.3841e-007
1671	0.	2.5	40.	-1.1035e-006
1672	0.	5.	32.5	-8.4065e-006
1673	0.	7.5	35.	-2.1668e-006
1674	0.	2.5	35.	4.8163e-006
1675	0.	5.	27.5	-6.3141e-005
1676	0.	7.5	30.	-2.2773e-005
1677	0.	2.5	30.	-6.134e-005
1678	0.	5.	22.5	-1.2158e-004
1679	0.	7.5	25.	-7.2637e-005
1680	0.	2.5	25.	7.0085e-005
1681	0.	5.	17.5	-3.6236e-004
1682	0.	7.5	20.	-2.1674e-004
1683	0.	2.5	20.	-7.756e-004
1684	0.	5.	12.5	8.6079e-004
1685	0.	7.5	15.	-1.4269e-004
1686	0.	2.5	15.	1.7256e-003
1687	0.	5.	7.5	-1.9109e-004
1688	0.	7.5	10.	1.3707e-003
1689	0.	2.5	10.	-1.0048e-002
1690	0.	7.5	5.	-3.4803e-003
1691	0.	5.	2.5	-6.8163e-003
1692	0.	2.5	5.	5.7882e-004
1693	0.	10.	92.5	0.20851
1694	0.	12.5	95.	-2.6077e-008
1695	0.	10.	97.5	-0.7503
1696	0.	10.	87.5	3.5323e-003
1697	0.	12.5	90.	8.3819e-008
1698	0.	10.	82.5	6.0034e-003
1699	0.	12.5	85.	1.0477e-008
1700	0.	10.	77.5	-2.2657e-003
1701	0.	12.5	80.	-6.0871e-008
1702	0.	10.	72.5	1.9161e-004
1703	0.	12.5	75.	-3.7056e-008
1704	0.	10.	67.5	-2.3132e-004
1705	0.	12.5	70.	3.2114e-008
1706	0.	10.	62.5	-5.5315e-006
1707	0.	12.5	65.	2.9022e-009
1708	0.	10.	57.5	-1.2779e-005
1709	0.	12.5	60.	4.2184e-008
1710	0.	10.	52.5	1.5448e-007
1711	0.	12.5	55.	-7.2765e-008
1712	0.	10.	47.5	5.314e-007
1713	0.	12.5	50.	-5.9618e-008
1714	0.	10.	42.5	6.801e-008
1715	0.	12.5	45.	3.0329e-008
1716	0.	10.	37.5	-6.5028e-008
1717	0.	12.5	40.	-4.7707e-008
1718	0.	10.	32.5	-1.6533e-005
1719	0.	12.5	35.	4.0705e-008
1720	0.	10.	27.5	-3.2268e-005
1721	0.	12.5	30.	-5.0536e-008
1722	0.	10.	22.5	-1.6779e-004
1723	0.	12.5	25.	4.0561e-008
1724	0.	10.	17.5	2.9311e-006
1725	0.	12.5	20.	6.0796e-008
1726	0.	10.	12.5	3.6723e-004
1727	0.	12.5	15.	-8.8345e-008
1728	0.	10.	7.5	-1.9185e-003
1729	0.	12.5	10.	-8.1491e-010
1730	0.	12.5	5.	2.0314e-008
1731	0.	10.	2.5	6.9619e-003
1732	0.	15.	92.5	-0.20851
1733	0.	17.5	95.	-0.81377
1734	0.	15.	97.5	0.7503
1735	0.	15.	87.5	-3.5322e-003
1736	0.	17.5	90.	5.1074e-002
1737	0.	15.	82.5	-6.0034e-003
1738	0.	17.5	85.	-3.5509e-002
1739	0.	15.	77.5	2.2656e-003
1740	0.	17.5	80.	1.0198e-002
1741	0.	15.	72.5	-1.9162e-004
1742	0.	17.5	75.	-1.2421e-003
1743	0.	15.	67.5	2.3136e-004
1744	0.	17.5	70.	7.577e-004
1745	0.	15.	62.5	5.5766e-006
1746	0.	17.5	65.	2.1583e-005
1747	0.	15.	57.5	1.2748e-005
1748	0.	17.5	60.	3.1226e-005
1749	0.	15.	52.5	-2.8687e-007
1750	0.	17.5	55.	3.4432e-006
1751	0.	15.	47.5	-5.6069e-007
1752	0.	17.5	50.	-1.6861e-006
1753	0.	15.	42.5	-8.5388e-008
1754	0.	17.5	45.	-8.0876e-007
1755	0.	15.	37.5	5.8026e-008
1756	0.	17.5	40.	-9.9866e-007
1757	0.	15.	32.5	1.6523e-005
1758	0.	17.5	35.	2.1575e-006
1759	0.	15.	27.5	3.2258e-005
1760	0.	17.5	30.	2.2768e-005
1761	0.	15.	22.5	1.6789e-004
1762	0.	17.5	25.	7.262e-005
1763	0.	15.	17.5	-2.9586e-006
1764	0.	17.5	20.	2.168e-004
1765	0.	15.	12.5	-3.6732e-004
1766	0.	17.5	15.	1.4262e-004
1767	0.	15.	7.5	1.9185e-003
1768	0.	17.5	10.	-1.3707e-003
1769	0.	17.5	5.	3.4803e-003
1770	0.	15.	2.5	-6.9618e-003
1771	0.	20.	92.5	-0.55419
1772	0.	20.	97.5	2.0779
1773	0.	22.5	95.	-1.8736
1774	0.	20.	87.5	1.9097e-002
1775	0.	22.5	90.	0.13388
1776	0.	20.	82.5	-1.9308e-002
1777	0.	22.5	85.	-9.0253e-002
1778	0.	20.	77.5	6.69e-003
1779	0.	22.5	80.	2.0274e-002
1780	0.	20.	72.5	-2.9282e-004
1781	0.	22.5	75.	-3.0306e-003
1782	0.	20.	67.5	5.4792e-004
1783	0.	22.5	70.	1.3262e-003
1784	0.	20.	62.5	4.7233e-005
1785	0.	22.5	65.	2.3626e-005
1786	0.	20.	57.5	2.1921e-005
1787	0.	22.5	60.	5.0791e-005
1788	0.	20.	52.5	2.044e-006
1789	0.	22.5	55.	6.769e-006
1790	0.	20.	47.5	-1.9342e-006
1791	0.	22.5	50.	-2.3141e-006
1792	0.	20.	42.5	-1.722e-006
1793	0.	22.5	45.	-1.4072e-006
1794	0.	20.	37.5	1.1008e-006
1795	0.	22.5	40.	1.1665e-006
1796	0.	20.	32.5	8.4024e-006
1797	0.	22.5	35.	-4.8217e-006
1798	0.	20.	27.5	6.313e-005
1799	0.	22.5	30.	6.1377e-005
1800	0.	20.	22.5	1.2153e-004
1801	0.	22.5	25.	-7.0148e-005
1802	0.	20.	17.5	3.6239e-004
1803	0.	22.5	20.	7.7559e-004
1804	0.	20.	12.5	-8.6078e-004
1805	0.	22.5	15.	-1.7255e-003
1806	0.	20.	7.5	1.9112e-004
1807	0.	22.5	10.	1.0048e-002
1808	0.	20.	2.5	6.8165e-003
1809	0.	22.5	5.	-5.788e-004
1810	0.	7.5	0.	3.6258e-003
1811	0.	2.5	0.	-9.4619e-003
1812	2.5	5.	0.	0.13976
1813	0.	12.5	0.	3.0384e-008
1814	2.5	10.	0.	4.0318e-002
1815	0.	17.5	0.	-3.6257e-003
1816	2.5	15.	0.	-4.0318e-002
1817	0.	22.5	0.	9.462e-003
1818	2.5	20.	0.	-0.13976
1819	0.	7.5	100.	-3.642
1820	0.	2.5	100.	-8.1622
1821	2.5	5.	100.	-4.498
1822	0.	12.5	100.	0.
1823	2.5	10.	100.	-1.6794
1824	0.	17.5	100.	3.642
1825	2.5	15.	100.	1.6794
1826	0.	22.5	100.	8.1622
1827	2.5	20.	100.	4.498
1828	0.	25.	2.5	2.0667e-003
1829	2.5	25.	0.	-1.1183e-002
1830	0.	25.	7.5	9.2784e-003
1831	2.5	25.	5.	6.8338e-002
1832	0.	25.	12.5	9.1836e-003
1833	2.5	25.	10.	1.065e-002
1834	0.	25.	17.5	-1.3123e-003
1835	2.5	25.	15.	-6.0448e-003
1836	0.	25.	22.5	5.839e-004
1837	2.5	25.	20.	-1.2435e-003
1838	0.	25.	27.5	-7.1901e-005
1839	2.5	25.	25.	-6.9256e-004
1840	0.	25.	32.5	4.8153e-005
1841	2.5	25.	30.	-7.7657e-005
1842	0.	25.	37.5	-4.756e-006
1843	2.5	25.	35.	-1.915e-005
1844	0.	25.	42.5	1.4813e-006
1845	2.5	25.	40.	8.2342e-006
1846	0.	25.	47.5	-1.7872e-006
1847	2.5	25.	45.	6.5554e-006
1848	0.	25.	52.5	2.4109e-006
1849	2.5	25.	50.	7.6286e-006
1850	0.	25.	57.5	3.5639e-005
1851	2.5	25.	55.	-1.3935e-006
1852	0.	25.	62.5	2.7184e-005
1853	2.5	25.	60.	-6.2848e-005
1854	0.	25.	67.5	8.019e-004
1855	2.5	25.	65.	-4.7767e-004
1856	0.	25.	72.5	-1.4115e-003
1857	2.5	25.	70.	-8.8649e-004
1858	0.	25.	77.5	1.0554e-002
1859	2.5	25.	75.	-6.9011e-003
1860	0.	25.	82.5	-5.0671e-002
1861	2.5	25.	80.	4.5999e-003
1862	0.	25.	87.5	2.453e-002
1863	2.5	25.	85.	-6.9816e-002
1864	0.	25.	92.5	-1.1855
1865	2.5	25.	90.	0.14366
1866	0.	25.	97.5	4.2107
1867	2.5	25.	95.	-0.81898
1868	2.5	25.	100.	10.214
1869	0.	0.	2.5	-2.0667e-003
1870	2.5	0.	0.	1.1183e-002
1871	0.	0.	7.5	-9.2785e-003
1872	2.5	0.	5.	-6.8338e-002
1873	0.	0.	12.5	-9.1836e-003
1874	2.5	0.	10.	-1.065e-002
1875	0.	0.	17.5	1.3123e-003
1876	2.5	0.	15.	6.0448e-003
1877	0.	0.	22.5	-5.8393e-004
1878	2.5	0.	20.	1.2435e-003
1879	0.	0.	27.5	7.1887e-005
1880	2.5	0.	25.	6.9253e-004
1881	0.	0.	32.5	-4.8117e-005
1882	2.5	0.	30.	7.764e-005
1883	0.	0.	37.5	4.8763e-006
1884	2.5	0.	35.	1.9238e-005
1885	0.	0.	42.5	-1.4615e-006
1886	2.5	0.	40.	-8.1027e-006
1887	0.	0.	47.5	1.7303e-006
1888	2.5	0.	45.	-6.5556e-006
1889	0.	0.	52.5	-2.4633e-006
1890	2.5	0.	50.	-7.6371e-006
1891	0.	0.	57.5	-3.5595e-005
1892	2.5	0.	55.	1.3542e-006
1893	0.	0.	62.5	-2.6951e-005
1894	2.5	0.	60.	6.3024e-005
1895	0.	0.	67.5	-8.0175e-004
1896	2.5	0.	65.	4.7786e-004
1897	0.	0.	72.5	1.4116e-003
1898	2.5	0.	70.	8.8664e-004
1899	0.	0.	77.5	-1.0554e-002
1900	2.5	0.	75.	6.9012e-003
1901	0.	0.	82.5	5.0671e-002
1902	2.5	0.	80.	-4.6001e-003
1903	0.	0.	87.5	-2.453e-002
1904	2.5	0.	85.	6.9817e-002
1905	0.	0.	92.5	1.1855
1906	2.5	0.	90.	-0.14366
1907	0.	0.	97.5	-4.2107
1908	2.5	0.	95.	0.81898
1909	2.5	0.	100.	-10.214
1910	5.	0.	7.5	-6.971e-002
1911	7.5	0.	5.	-0.16677
1912	5.	0.	2.5	-5.5088e-002
1913	5.	0.	12.5	4.5783e-003
1914	7.5	0.	10.	-4.6091e-003
1915	5.	0.	17.5	5.976e-003
1916	7.5	0.	15.	1.0154e-002
1917	5.	0.	22.5	2.52e-003
1918	7.5	0.	20.	5.1685e-003
1919	5.	0.	27.5	6.9828e-004
1920	7.5	0.	25.	1.6937e-003
1921	5.	0.	32.5	1.4499e-004
1922	7.5	0.	30.	3.976e-004
1923	5.	0.	37.5	6.2593e-006
1924	7.5	0.	35.	5.3753e-005
1925	5.	0.	42.5	-1.3197e-005
1926	7.5	0.	40.	-1.3844e-005
1927	5.	0.	47.5	-1.5923e-005
1928	7.5	0.	45.	-1.9871e-005
1929	5.	0.	52.5	-3.8196e-006
1930	7.5	0.	50.	-2.2454e-005
1931	5.	0.	57.5	9.9973e-005
1932	7.5	0.	55.	3.4759e-005
1933	5.	0.	62.5	5.6783e-004
1934	7.5	0.	60.	2.898e-004
1935	5.	0.	67.5	2.1662e-003
1936	7.5	0.	65.	1.5587e-003
1937	5.	0.	72.5	6.3762e-003
1938	7.5	0.	70.	4.7511e-003
1939	5.	0.	77.5	1.2855e-002
1940	7.5	0.	75.	1.3889e-002
1941	5.	0.	82.5	1.4546e-002
1942	7.5	0.	80.	1.9897e-002
1943	5.	0.	87.5	-4.9309e-002
1944	7.5	0.	85.	2.3552e-003
1945	5.	0.	92.5	-0.51018
1946	7.5	0.	90.	-0.24641
1947	7.5	0.	95.	-1.2856
1948	5.	0.	97.5	-5.1842
1949	10.	0.	7.5	-0.10167
1950	12.5	0.	5.	-0.16677
1951	10.	0.	2.5	-4.9024e-002
1952	10.	0.	12.5	9.67e-004
1953	12.5	0.	10.	-4.6092e-003
1954	10.	0.	17.5	9.3469e-003
1955	12.5	0.	15.	1.0154e-002
1956	10.	0.	22.5	4.3422e-003
1957	12.5	0.	20.	5.1685e-003
1958	10.	0.	27.5	1.393e-003
1959	12.5	0.	25.	1.6937e-003
1960	10.	0.	32.5	3.0636e-004
1961	12.5	0.	30.	3.9762e-004
1962	10.	0.	37.5	3.365e-005
1963	12.5	0.	35.	5.3649e-005
1964	10.	0.	42.5	-2.0518e-005
1965	12.5	0.	40.	-1.3829e-005
1966	10.	0.	47.5	-2.6402e-005
1967	12.5	0.	45.	-1.984e-005
1968	10.	0.	52.5	1.6125e-005
1969	12.5	0.	50.	-2.2433e-005
1970	10.	0.	57.5	2.2459e-004
1971	12.5	0.	55.	3.4759e-005
1972	10.	0.	62.5	1.2807e-003
1973	12.5	0.	60.	2.8965e-004
1974	10.	0.	67.5	4.1435e-003
1975	12.5	0.	65.	1.5587e-003
1976	10.	0.	72.5	1.2264e-002
1977	12.5	0.	70.	4.751e-003
1978	10.	0.	77.5	2.0931e-002
1979	12.5	0.	75.	1.3889e-002
1980	10.	0.	82.5	7.706e-003
1981	12.5	0.	80.	1.9897e-002
1982	10.	0.	87.5	-0.19475
1983	12.5	0.	85.	2.3552e-003
1984	10.	0.	92.5	-1.0218
1985	12.5	0.	90.	-0.24641
1986	12.5	0.	95.	-1.2856
1987	10.	0.	97.5	-6.4623
1988	15.	0.	7.5	-6.9709e-002
1989	17.5	0.	5.	-6.8338e-002
1990	15.	0.	2.5	-5.5088e-002
1991	15.	0.	12.5	4.5782e-003
1992	17.5	0.	10.	-1.065e-002
1993	15.	0.	17.5	5.9759e-003
1994	17.5	0.	15.	6.0447e-003
1995	15.	0.	22.5	2.52e-003
1996	17.5	0.	20.	1.2435e-003
1997	15.	0.	27.5	6.9831e-004
1998	17.5	0.	25.	6.9262e-004
1999	15.	0.	32.5	1.4491e-004
2000	17.5	0.	30.	7.765e-005
2001	15.	0.	37.5	6.17e-006
2002	17.5	0.	35.	1.9038e-005
2003	15.	0.	42.5	-1.3151e-005
2004	17.5	0.	40.	-8.0645e-006
2005	15.	0.	47.5	-1.587e-005
2006	17.5	0.	45.	-6.4874e-006
2007	15.	0.	52.5	-3.7987e-006
2008	17.5	0.	50.	-7.5087e-006
2009	15.	0.	57.5	9.9824e-005
2010	17.5	0.	55.	1.3524e-006
2011	15.	0.	62.5	5.6769e-004
2012	17.5	0.	60.	6.2684e-005
2013	15.	0.	67.5	2.1662e-003
2014	17.5	0.	65.	4.7792e-004
2015	15.	0.	72.5	6.3761e-003
2016	17.5	0.	70.	8.8658e-004
2017	15.	0.	77.5	1.2855e-002
2018	17.5	0.	75.	6.9013e-003
2019	15.	0.	82.5	1.4546e-002
2020	17.5	0.	80.	-4.6e-003
2021	15.	0.	87.5	-4.9309e-002
2022	17.5	0.	85.	6.9816e-002
2023	15.	0.	92.5	-0.51018
2024	17.5	0.	90.	-0.14366
2025	17.5	0.	95.	0.81898
2026	15.	0.	97.5	-5.1842
2027	20.	0.	92.5	1.1855
2028	20.	0.	97.5	-4.2107
2029	20.	0.	87.5	-2.453e-002
2030	20.	0.	82.5	5.0671e-002
2031	20.	0.	77.5	-1.0554e-002
2032	20.	0.	72.5	1.4118e-003
2033	20.	0.	67.5	-8.0169e-004
2034	20.	0.	62.5	-2.7091e-005
2035	20.	0.	57.5	-3.5788e-005
2036	20.	0.	52.5	-2.3576e-006
2037	20.	0.	47.5	1.8743e-006
2038	20.	0.	42.5	-1.401e-006
2039	20.	0.	37.5	4.8038e-006
2040	20.	0.	32.5	-4.8223e-005
2041	20.	0.	27.5	7.1962e-005
2042	20.	0.	22.5	-5.8381e-004
2043	20.	0.	17.5	1.3123e-003
2044	20.	0.	12.5	-9.1837e-003
2045	20.	0.	7.5	-9.2784e-003
2046	20.	0.	2.5	-2.0666e-003
2047	17.5	0.	0.	1.1183e-002
2048	20.	2.5	0.	-9.462e-003
2049	12.5	0.	0.	6.2655e-002
2050	15.	2.5	0.	0.16041
2051	7.5	0.	0.	6.2655e-002
2052	10.	2.5	0.	0.25889
2053	5.	2.5	0.	0.16041
2054	17.5	0.	100.	-10.214
2055	20.	2.5	100.	-8.1622
2056	12.5	0.	100.	-10.361
2057	15.	2.5	100.	-6.5497
2058	7.5	0.	100.	-10.361
2059	10.	2.5	100.	-7.8878
2060	5.	2.5	100.	-6.5497
2061	12.5	25.	95.	1.2856
2062	15.	25.	92.5	0.51018
2063	17.5	25.	95.	-0.81898
2064	15.	25.	97.5	5.1842
2065	7.5	25.	95.	1.2856
2066	10.	25.	92.5	1.0218
2067	10.	25.	97.5	6.4623
2068	5.	25.	92.5	0.51018
2069	5.	25.	97.5	5.1842
2070	12.5	25.	90.	0.24641
2071	15.	25.	87.5	4.9309e-002
2072	17.5	25.	90.	0.14366
2073	7.5	25.	90.	0.24641
2074	10.	25.	87.5	0.19475
2075	5.	25.	87.5	4.9309e-002
2076	12.5	25.	85.	-2.355e-003
2077	15.	25.	82.5	-1.4546e-002
2078	17.5	25.	85.	-6.9816e-002
2079	7.5	25.	85.	-2.3551e-003
2080	10.	25.	82.5	-7.706e-003
2081	5.	25.	82.5	-1.4546e-002
2082	12.5	25.	80.	-1.9897e-002
2083	15.	25.	77.5	-1.2855e-002
2084	17.5	25.	80.	4.5998e-003
2085	7.5	25.	80.	-1.9897e-002
2086	10.	25.	77.5	-2.0931e-002
2087	5.	25.	77.5	-1.2855e-002
2088	12.5	25.	75.	-1.3889e-002
2089	15.	25.	72.5	-6.3761e-003
2090	17.5	25.	75.	-6.9011e-003
2091	7.5	25.	75.	-1.3889e-002
2092	10.	25.	72.5	-1.2264e-002
2093	5.	25.	72.5	-6.376e-003
2094	12.5	25.	70.	-4.751e-003
2095	15.	25.	67.5	-2.1661e-003
2096	17.5	25.	70.	-8.8645e-004
2097	7.5	25.	70.	-4.751e-003
2098	10.	25.	67.5	-4.1435e-003
2099	5.	25.	67.5	-2.1661e-003
2100	12.5	25.	65.	-1.5586e-003
2101	15.	25.	62.5	-5.6761e-004
2102	17.5	25.	65.	-4.7793e-004
2103	7.5	25.	65.	-1.5586e-003
2104	10.	25.	62.5	-1.2807e-003
2105	5.	25.	62.5	-5.677e-004
2106	12.5	25.	60.	-2.8969e-004
2107	15.	25.	57.5	-9.9874e-005
2108	17.5	25.	60.	-6.2661e-005
2109	7.5	25.	60.	-2.8978e-004
2110	10.	25.	57.5	-2.2475e-004
2111	5.	25.	57.5	-9.988e-005
2112	12.5	25.	55.	-3.4934e-005
2113	15.	25.	52.5	3.7386e-006
2114	17.5	25.	55.	-1.5386e-006
2115	7.5	25.	55.	-3.485e-005
2116	10.	25.	52.5	-1.6246e-005
2117	5.	25.	52.5	3.8242e-006
2118	12.5	25.	50.	2.2427e-005
2119	15.	25.	47.5	1.5977e-005
2120	17.5	25.	50.	7.6329e-006
2121	7.5	25.	50.	2.2428e-005
2122	10.	25.	47.5	2.6376e-005
2123	5.	25.	47.5	1.5971e-005
2124	12.5	25.	45.	1.9926e-005
2125	15.	25.	42.5	1.3314e-005
2126	17.5	25.	45.	6.6634e-006
2127	7.5	25.	45.	1.9919e-005
2128	10.	25.	42.5	2.0539e-005
2129	5.	25.	42.5	1.3308e-005
2130	12.5	25.	40.	1.3927e-005
2131	15.	25.	37.5	-6.1528e-006
2132	17.5	25.	40.	8.1426e-006
2133	7.5	25.	40.	1.3928e-005
2134	10.	25.	37.5	-3.3627e-005
2135	5.	25.	37.5	-6.1598e-006
2136	12.5	25.	35.	-5.3707e-005
2137	15.	25.	32.5	-1.4498e-004
2138	17.5	25.	35.	-1.9093e-005
2139	7.5	25.	35.	-5.3715e-005
2140	10.	25.	32.5	-3.0643e-004
2141	5.	25.	32.5	-1.4496e-004
2142	12.5	25.	30.	-3.977e-004
2143	15.	25.	27.5	-6.9834e-004
2144	17.5	25.	30.	-7.7743e-005
2145	7.5	25.	30.	-3.9767e-004
2146	10.	25.	27.5	-1.3931e-003
2147	5.	25.	27.5	-6.9831e-004
2148	12.5	25.	25.	-1.6937e-003
2149	15.	25.	22.5	-2.52e-003
2150	17.5	25.	25.	-6.9251e-004
2151	7.5	25.	25.	-1.6937e-003
2152	10.	25.	22.5	-4.3423e-003
2153	5.	25.	22.5	-2.52e-003
2154	12.5	25.	20.	-5.1686e-003
2155	15.	25.	17.5	-5.976e-003
2156	17.5	25.	20.	-1.2435e-003
2157	7.5	25.	20.	-5.1685e-003
2158	10.	25.	17.5	-9.3469e-003
2159	5.	25.	17.5	-5.976e-003
2160	12.5	25.	15.	-1.0154e-002
2161	15.	25.	12.5	-4.5782e-003
2162	17.5	25.	15.	-6.0448e-003
2163	7.5	25.	15.	-1.0154e-002
2164	10.	25.	12.5	-9.6698e-004
2165	5.	25.	12.5	-4.5783e-003
2166	12.5	25.	10.	4.6092e-003
2167	15.	25.	7.5	6.971e-002
2168	17.5	25.	10.	1.065e-002
2169	7.5	25.	10.	4.6091e-003
2170	10.	25.	7.5	0.10167
2171	5.	25.	7.5	6.9709e-002
2172	12.5	25.	5.	0.16677
2173	17.5	25.	5.	6.8338e-002
2174	15.	25.	2.5	5.5088e-002
2175	7.5	25.	5.	0.16677
2176	10.	25.	2.5	4.9024e-002
2177	5.	25.	2.5	5.5088e-002
2178	20.	25.	92.5	-1.1855
2179	20.	25.	97.5	4.2107
2180	20.	25.	87.5	2.453e-002
2181	20.	25.	82.5	-5.0671e-002
2182	20.	25.	77.5	1.0554e-002
2183	20.	25.	72.5	-1.4115e-003
2184	20.	25.	67.5	8.0173e-004
2185	20.	25.	62.5	2.7021e-005
2186	20.	25.	57.5	3.5675e-005
2187	20.	25.	52.5	2.3557e-006
2188	20.	25.	47.5	-1.6807e-006
2189	20.	25.	42.5	1.492e-006
2190	20.	25.	37.5	-4.7978e-006
2191	20.	25.	32.5	4.8143e-005
2192	20.	25.	27.5	-7.192e-005
2193	20.	25.	22.5	5.8403e-004
2194	20.	25.	17.5	-1.3123e-003
2195	20.	25.	12.5	9.1836e-003
2196	20.	25.	7.5	9.2786e-003
2197	20.	25.	2.5	2.0667e-003
2198	7.5	25.	0.	-6.2655e-002
2199	5.	22.5	0.	-0.16041
2200	12.5	25.	0.	-6.2655e-002
2201	10.	22.5	0.	-0.25889
2202	17.5	25.	0.	-1.1183e-002
2203	15.	22.5	0.	-0.16041
2204	20.	22.5	0.	9.4619e-003
2205	7.5	25.	100.	10.361
2206	5.	22.5	100.	6.5497
2207	12.5	25.	100.	10.361
2208	10.	22.5	100.	7.8878
2209	17.5	25.	100.	10.214
2210	15.	22.5	100.	6.5497
2211	20.	22.5	100.	8.1622
2212	12.5	5.	100.	-4.0765
2213	15.	7.5	100.	-2.5353
2214	17.5	5.	100.	-4.498
2215	7.5	5.	100.	-4.0765
2216	10.	7.5	100.	-3.1442
2217	5.	7.5	100.	-2.5353
2218	12.5	10.	100.	-1.603
2219	15.	12.5	100.	1.4901e-008
2220	17.5	10.	100.	-1.6794
2221	7.5	10.	100.	-1.603
2222	10.	12.5	100.	5.9605e-008
2223	5.	12.5	100.	1.4901e-008
2224	12.5	15.	100.	1.603
2225	15.	17.5	100.	2.5353
2226	17.5	15.	100.	1.6794
2227	7.5	15.	100.	1.603
2228	10.	17.5	100.	3.1442
2229	5.	17.5	100.	2.5353
2230	12.5	20.	100.	4.0765
2231	17.5	20.	100.	4.498
2232	7.5	20.	100.	4.0765
2233	20.	7.5	100.	-3.642
2234	20.	12.5	100.	0.
2235	20.	17.5	100.	3.642
2236	5.	17.5	0.	-0.17646
2237	7.5	20.	0.	-0.35665
2238	5.	12.5	0.	-1.0477e-008
2239	7.5	15.	0.	-8.9475e-002
2240	5.	7.5	0.	0.17646
2241	7.5	10.	0.	8.9474e-002
2242	7.5	5.	0.	0.35665
2243	10.	17.5	0.	-0.26966
2244	12.5	20.	0.	-0.35665
2245	10.	12.5	0.	-8.475e-008
2246	12.5	15.	0.	-8.9475e-002
2247	10.	7.5	0.	0.26966
2248	12.5	10.	0.	8.9474e-002
2249	12.5	5.	0.	0.35665
2250	15.	17.5	0.	-0.17646
2251	17.5	20.	0.	-0.13976
2252	15.	12.5	0.	-1.3667e-007
2253	17.5	15.	0.	-4.0318e-002
2254	15.	7.5	0.	0.17646
2255	17.5	10.	0.	4.0318e-002
2256	17.5	5.	0.	0.13976
2257	20.	7.5	0.	3.6256e-003
2258	20.	12.5	0.	-7.1712e-008
2259	20.	17.5	0.	-3.6258e-003
